1 5 0.00775451
1 9 -0.00731206
1 13 -0.0256152
1 17 0.046276
1 21 0.0284852
1 25 0.014649
1 29 0.00714549
1 33 0.0132285
1 37 -0.000843516
1 41 -0.0131538
1 45 -0.060786
1 49 0.00152305
1 53 0.00208291
1 57 -0.00706055
1 61 0.0359364
1 65 0.0119666
1 69 0.0123752
1 73 0.00689965
1 77 -0.00982849
1 81 0.00177683
2 3 0.210317
2 7 -0.00556164
2 11 -0.0149102
2 15 -0.0261956
2 19 0.00640675
2 23 -0.0478112
2 27 -0.019202
2 31 -0.031049
2 35 -0.0275391
2 39 -0.00245672
2 43 -0.00865853
2 47 0.0195261
2 51 0.00506599
2 55 0.0289535
2 59 0.0275114
2 63 -0.00406344
2 67 -0.0240988
2 71 -0.0578249
2 75 -0.0494986
2 79 -0.0336851
2 83 3.68484e-05
3 5 0.212326
3 9 -0.00526598
3 13 0.0068603
3 17 -0.0501572
3 21 0.0106169
3 25 0.0289169
3 29 0.062458
3 33 0.0210902
3 37 0.0692556
3 41 -0.0410634
3 45 0.0967814
3 49 -0.0370776
3 53 -0.0135541
3 57 -0.00160976
3 61 -0.07292
3 65 -0.0298545
3 69 0.021752
3 73 0.111299
3 77 0.0236842
3 81 -0.00457586
4 2 -0.0441777
4 7 -0.0320462
4 11 -0.0215932
4 15 -0.00855503
4 19 0.0114805
4 23 -0.00365373
4 27 -0.00374072
4 31 0.0140818
4 35 -0.00330133
4 39 -0.0138726
4 43 0.0106421
4 47 0.00416077
4 51 0.0139851
4 55 -0.0374542
4 59 0.00949881
4 63 0.0474301
4 67 -0.00448668
4 71 -0.0234159
4 75 0.00259972
4 79 2.8096e-06
4 83 -0.0287036
5 4 -0.0121908
5 9 -0.0136832
5 13 -0.0231445
5 17 0.028918
5 21 0.00636383
5 25 0.0282175
5 29 -0.0166198
5 33 -0.057168
5 37 0.0209949
5 41 -0.0547872
5 45 -0.0597555
5 49 -0.0142488
5 53 0.0133555
5 57 -0.0253811
5 61 -0.0842687
5 65 -0.0454676
5 69 -0.0275366
5 73 0.0863463
5 77 0.0142823
5 81 -0.0408463
6 2 0.129661
6 7 0.0603891
6 11 0.0723028
6 15 0.0334171
6 19 -0.0165969
6 23 -0.00540401
6 27 0.0095987
6 31 0.0173785
6 35 0.00845598
6 39 0.0673423
6 43 -0.0306348
6 47 -0.0379195
6 51 -0.0210387
6 55 0.00602106
6 59 -0.0473867
6 63 -0.0341011
6 67 0.0769535
6 71 0.0351649
6 75 0.032481
6 79 0.0456681
6 83 0.0323358
7 4 -0.0395333
7 9 0.00929515
7 13 -0.0109783
7 17 0.013643
7 21 -0.0280545
7 25 0.0203462
7 29 -0.0356429
7 33 -0.0138357
7 37 -0.00479877
7 41 0.00831716
7 45 0.0990585
7 49 0.00541163
7 53 -0.000769374
7 57 -0.0128071
7 61 0.05171
7 65 0.00648614
7 69 0.000769384
7 73 0.0614201
7 77 -0.0176965
7 81 -0.0183212
8 2 0.00899024
8 6 -0.0271014
8 11 0.00447407
8 15 0.0261704
8 19 -0.0348429
8 23 -0.0414833
8 27 0.0412601
8 31 0.0242525
8 35 0.022848
8 39 0.0377729
8 43 -0.0143946
8 47 -0.00366949
8 51 0.00413556
8 55 0.0125963
8 59 -0.0351119
8 63 -0.0216041
8 67 0.00855364
8 71 -0.0870717
8 75 -0.00710434
8 79 0.0179758
8 83 -0.0062127
9 4 -0.0812658
9 8 0.0226451
9 13 -0.00471588
9 17 0.00791811
9 21 -0.0203524
9 25 -0.0105384
9 29 -0.0176506
9 33 -0.0391639
9 37 0.00596897
9 41 0.0112846
9 45 0.0281294
9 49 -0.0342153
9 53 -0.00730779
9 57 -0.000727793
9 61 0.072115
9 65 0.0321326
9 69 -0.015154
9 73 0.0365365
9 77 -0.052253
9 81 0.00334919
10 2 -0.0572486
10 6 -0.00975574
10 11 -0.012001
10 15 0.0304387
10 19 -0.016921
10 23 -0.00659656
10 27 -0.00630726
10 31 0.0258685
10 35 0.0283904
10 39 0.0141689
10 43 -0.0244162
10 47 0.00299757
10 51 0.00556322
10 55 -0.00670598
10 59 -0.04569
10 63 -0.0132994
10 67 0.155686
10 71 -0.0375513
10 75 0.0198635
10 79 0.00179297
10 83 -0.00924938
11 4 -0.0262669
11 8 0.0524282
11 13 0.000852468
11 17 -0.0102056
11 21 0.0611856
11 25 -0.00432248
11 29 -0.00419943
11 33 -0.00936035
11 37 0.0656941
11 41 0.0305006
11 45 0.018454
11 49 -0.0371194
11 53 -0.0153591
11 57 -0.000742359
11 61 0.0495094
11 65 0.0561109
11 69 -0.0205972
11 73 -0.0125857
11 77 0.0529485
11 81 0.00946887
12 2 0.086378
12 6 0.0366467
12 10 0.0612577
12 15 0.0187984
12 19 -0.0549644
12 23 -0.0678401
12 27 0.0110393
12 31 0.0174524
12 35 -0.00658698
12 39 0.0630827
12 43 -0.00200391
12 47 -0.0128441
12 51 -0.0187462
12 55 0.0269118
12 59 -0.0441295
12 63 -0.0139875
12 67 0.115739
12 71 0.199271
12 75 0.187699
12 79 0.00874897
12 83 0.00253594
13 4 -0.00929404
13 8 0.00934833
13 12 -0.0110423
13 17 -0.00547183
13 21 -0.0279437
13 25 -0.0117869
13 29 0.0243621
13 33 0.0191495
13 37 -0.0301869
13 41 0.0692836
13 45 0.00463627
13 49 0.0117658
13 53 0.00388063
13 57 0.0115267
13 61 0.0480869
13 65 -0.039102
13 69 0.00460596
13 73 0.12499
13 77 -0.00930591
13 81 -0.012841
14 2 -0.0230674
14 6 0.0361382
14 10 -0.00609657
14 15 -0.0482031
14 19 0.0169025
14 23 -0.0181848
14 27 0.0206749
14 31 0.136878
14 35 -0.0660418
14 39 0.250877
14 43 0.00478172
14 47 0.0108863
14 51 0.0287552
14 55 -0.0265382
14 59 0.0282245
14 63 -0.00782154
14 67 -0.017381
14 71 -0.0236877
14 75 -0.0046256
14 79 -0.0281193
14 83 -0.0452427
15 4 0.0492732
15 8 -0.0321439
15 12 -0.0361162
15 17 -0.0178133
15 21 -0.00961769
15 25 -0.0118448
15 29 0.00382251
15 33 0.0231969
15 37 -0.0124448
15 41 -0.0370457
15 45 0.0529035
15 49 0.0860867
15 53 0.0616875
15 57 0.0061319
15 61 -0.0182225
15 65 0.0331772
15 69 -0.0163092
15 73 -0.0128656
15 77 -0.00411772
15 81 0.00364734
16 2 0.0532693
16 6 0.0587818
16 10 0.00328431
16 14 -0.00535408
16 19 -0.0568022
16 23 0.0256606
16 27 0.00103088
16 31 0.0121334
16 35 0.0353776
16 39 -0.0296181
16 43 0.00417789
16 47 -0.0143674
16 51 -0.00282883
16 55 0.0392078
16 59 -0.00651582
16 63 -0.0361979
16 67 -0.0438208
16 71 -0.0379258
16 75 0.0386689
16 79 -0.0199444
16 83 0.00831694
17 4 0.125962
17 8 0.0147795
17 12 0.00961452
17 16 0.01387
17 21 -0.0189348
17 25 0.00566507
17 29 0.0206421
17 33 -0.0146829
17 37 -0.000774595
17 41 -0.02112
17 45 0.044945
17 49 -0.0349816
17 53 0.0101775
17 57 0.0103321
17 61 0.115233
17 65 -0.0357269
17 69 0.0094023
17 73 0.0442993
17 77 0.0367424
17 81 -0.00496559
18 2 0.00864374
18 6 0.0297853
18 10 -0.00633935
18 14 -0.031587
18 19 0.0734216
18 23 0.0222183
18 27 0.00519673
18 31 -0.0296319
18 35 -0.013654
18 39 -0.0128845
18 43 0.0293709
18 47 -0.0397077
18 51 -0.0463103
18 55 -0.0304179
18 59 -0.00135421
18 63 -0.00599934
18 67 0.0520302
18 71 -0.0211844
18 75 -0.0202223
18 79 -0.00535234
18 83 -0.00792151
19 4 0.0196149
19 8 0.059026
19 12 0.11064
19 16 0.0275493
19 21 0.0161472
19 25 -0.0435737
19 29 -0.00328108
19 33 -0.0026265
19 37 -0.00605148
19 41 -0.0467182
19 45 0.0960218
19 49 -0.0143416
19 53 -0.0276814
19 57 0.038165
19 61 -0.0303202
19 65 0.0783368
19 69 -0.0146235
19 73 0.0187382
19 77 0.0113664
19 81 -0.0271211
20 2 -0.00360618
20 6 0.0979128
20 10 0.00916351
20 14 -0.000594533
20 18 0.00775904
20 23 -0.000307025
20 27 -0.0313554
20 31 0.0190678
20 35 -0.0568104
20 39 -0.0316012
20 43 0.0179605
20 47 0.00128461
20 51 -0.0312816
20 55 0.0597311
20 59 -0.0107896
20 63 -0.046694
20 67 0.0391033
20 71 0.149197
20 75 0.0999971
20 79 0.0224362
20 83 0.00412493
21 4 0.0790179
21 8 0.0297773
21 12 0.0320509
21 16 -0.0473135
21 20 -0.00619401
21 25 0.000283069
21 29 0.00600729
21 33 -0.0261611
21 37 0.0883018
21 41 -0.0168019
21 45 0.0416904
21 49 -0.0696442
21 53 0.00151154
21 57 0.0713299
21 61 0.223473
21 65 -0.0236003
21 69 -0.0599247
21 73 0.0569864
21 77 0.0375899
21 81 -0.0236558
22 2 0.014814
22 6 0.0621765
22 10 0.0471212
22 14 -0.0301069
22 18 0.00546322
22 23 0.0355582
22 27 -0.0263655
22 31 -0.00600978
22 35 -0.017377
22 39 -0.0211209
22 43 0.060481
22 47 -0.00640847
22 51 -0.0235192
22 55 -0.00332524
22 59 -0.0398133
22 63 0.0262284
22 67 0.0818438
22 71 0.182538
22 75 0.0608782
22 79 0.015898
22 83 0.0443121
23 4 0.0705025
23 8 0.0326687
23 12 0.0784887
23 16 0.0143404
23 20 -0.0665082
23 25 -0.0228538
23 29 0.013355
23 33 -0.0190372
23 37 -0.0344812
23 41 0.0134677
23 45 0.0504988
23 49 -0.0233322
23 53 0.0132434
23 57 0.0202773
23 61 -0.0321468
23 65 0.0693703
23 69 -0.0147642
23 73 0.080461
23 77 -0.03744
23 81 0.00289499
24 2 0.0677635
24 6 0.121089
24 10 -0.0944236
24 14 0.00576793
24 18 0.0164874
24 22 -0.0315023
24 27 -0.0571783
24 31 -0.0544715
24 35 0.0163364
24 39 -0.0247502
24 43 -0.0396404
24 47 -0.00510794
24 51 0.00689339
24 55 -0.0235773
24 59 -0.0439581
24 63 -0.000982987
24 67 0.101453
24 71 -0.0339796
24 75 0.01584
24 79 -0.051608
24 83 0.0118381
25 4 -0.0321371
25 8 0.0618307
25 12 0.065017
25 16 0.045478
25 20 -0.0138391
25 24 0.00337691
25 29 0.0613978
25 33 0.031138
25 37 -0.0312552
25 41 0.0240637
25 45 0.266507
25 49 0.0120419
25 53 0.00153385
25 57 0.0191972
25 61 0.0440961
25 65 0.0218341
25 69 -0.00318491
25 73 0.0943516
25 77 -0.0313652
25 81 -0.0563474
26 2 -0.017663
26 6 -0.0611013
26 10 0.0590615
26 14 -0.0275616
26 18 -0.00785113
26 22 -0.00252953
26 27 -0.0043317
26 31 0.0671656
26 35 0.0436476
26 39 0.0311349
26 43 0.0661976
26 47 0.00519533
26 51 0.00129247
26 55 -0.0548839
26 59 -0.0168998
26 63 0.0334252
26 67 -0.0155819
26 71 0.0346813
26 75 -0.00711092
26 79 0.103805
26 83 -0.0509355
27 4 -0.0564351
27 8 0.0256567
27 12 0.0948359
27 16 0.00011176
27 20 -0.00671675
27 24 0.0252059
27 29 0.00816371
27 33 -0.0225973
27 37 0.0659887
27 41 0.0130168
27 45 0.0254809
27 49 -0.0216251
27 53 -0.0203004
27 57 -0.000187439
27 61 0.00310809
27 65 0.0098372
27 69 0.0474846
27 73 0.0583474
27 77 -0.0122753
27 81 0.0182477
28 2 -0.0161538
28 6 -0.00857546
28 10 -0.0131041
28 14 0.00797159
28 18 -0.0175654
28 22 -0.0200178
28 26 0.0108173
28 31 0.0320162
28 35 0.0944459
28 39 0.00547997
28 43 0.0260955
28 47 -0.0140341
28 51 -0.00965767
28 55 0.002914
28 59 -0.0101227
28 63 -0.0403989
28 67 -0.0258412
28 71 -0.0188963
28 75 0.00389979
28 79 0.00958385
28 83 0.0129433
29 4 0.0940168
29 8 -0.037602
29 12 -0.0301958
29 16 0.00764603
29 20 0.0157331
29 24 0.0263788
29 28 -0.0199332
29 33 0.00371848
29 37 -0.0400565
29 41 -0.00172864
29 45 0.0170406
29 49 0.105738
29 53 -0.00624517
29 57 -0.0116346
29 61 0.0544933
29 65 0.00916418
29 69 0.00162031
29 73 0.123803
29 77 0.0094325
29 81 0.0221994
30 2 0.0705461
30 6 -0.0414894
30 10 -0.0124074
30 14 0.0127566
30 18 -0.0113694
30 22 -0.000874975
30 26 -0.0369459
30 31 0.0361175
30 35 -0.00353756
30 39 -0.0049316
30 43 0.022663
30 47 0.0131711
30 51 -0.00485236
30 55 -0.0259879
30 59 0.0153627
30 63 -0.0164359
30 67 -0.0550697
30 71 -0.0519887
30 75 -0.0401119
30 79 -0.0171735
30 83 0.00242089
31 4 0.148555
31 8 0.00752214
31 12 -0.00242396
31 16 -0.0115722
31 20 -0.0212647
31 24 -0.00186298
31 28 -0.00781739
31 33 -0.0278971
31 37 -0.035896
31 41 0.00872383
31 45 -0.0256414
31 49 0.0371109
31 53 0.00627229
31 57 0.00303012
31 61 0.000709263
31 65 0.0261678
31 69 -0.0492495
31 73 -0.0133219
31 77 0.0287873
31 81 -0.03851
32 2 -0.00727866
32 6 -0.0161011
32 10 -0.0160343
32 14 0.00411279
32 18 0.00796778
32 22 0.0152479
32 26 -0.00456045
32 30 0.0766149
32 35 0.0481226
32 39 0.00849858
32 43 -0.00866135
32 47 0.0138628
32 51 -0.00704058
32 55 -0.0237335
32 59 0.0163641
32 63 -0.0351339
32 67 -0.0385896
32 71 -0.0476726
32 75 -0.024719
32 79 -0.0127232
32 83 0.00598803
33 4 0.0159917
33 8 -0.00482836
33 12 0.00801058
33 16 -0.00577857
33 20 0.00218981
33 24 0.0107031
33 28 -0.00390871
33 32 -0.00253388
33 37 0.0497873
33 41 -0.00885326
33 45 0.00708037
33 49 -0.00958141
33 53 0.000623936
33 57 0.00459384
33 61 -0.0125329
33 65 0.00805755
33 69 -0.0317015
33 73 -0.0133366
33 77 -0.0603673
33 81 0.0884267
34 2 0.0737861
34 6 0.163559
34 10 -0.0368101
34 14 -0.0195943
34 18 -0.0205902
34 22 -0.0124502
34 26 -0.0188052
34 30 0.10897
34 35 0.000847544
34 39 -0.00101696
34 43 -0.0164192
34 47 -0.0112386
34 51 -0.0401686
34 55 -0.0244706
34 59 0.00212261
34 63 -0.0603057
34 67 0.0676302
34 71 -0.025986
34 75 -0.0210863
34 79 -0.0669327
34 83 0.00613972
35 4 0.0417998
35 8 -0.0448589
35 12 -0.0503439
35 16 -0.0101448
35 20 0.0329979
35 24 -0.0246651
35 28 -0.00382211
35 32 0.00540331
35 37 0.0154797
35 41 -0.0387433
35 45 -0.0664823
35 49 0.00312939
35 53 -0.00334634
35 57 -0.0125365
35 61 -0.0448146
35 65 -0.0194791
35 69 -0.0121492
35 73 0.0015724
35 77 0.00912247
35 81 -0.0221456
36 2 0.018286
36 6 -0.0390864
36 10 0.0440073
36 14 0.00304691
36 18 0.0027764
36 22 -0.00633129
36 26 0.0104205
36 30 -0.0248267
36 34 0.0220772
36 39 0.0379092
36 43 0.0102753
36 47 0.00364627
36 51 0.000133624
36 55 -0.0171653
36 59 0.00269736
36 63 0.0131513
36 67 -0.00916671
36 71 -0.0272378
36 75 -0.00682066
36 79 0.0833158
36 83 -0.00629092
37 4 0.022339
37 8 -0.0258085
37 12 -0.0208511
37 16 0.0206181
37 20 0.00636876
37 24 -0.025343
37 28 -0.00244873
37 32 0.00872206
37 36 0.0601984
37 41 0.00553713
37 45 -0.0274016
37 49 0.00129842
37 53 0.00930635
37 57 -0.00511676
37 61 0.0151244
37 65 -0.0265906
37 69 -0.0164727
37 73 -0.0102644
37 77 -0.032833
37 81 -0.0252564
38 2 -0.00351659
38 6 0.0160907
38 10 0.0775359
38 14 -0.0111412
38 18 -0.00739173
38 22 0.0042013
38 26 0.0620138
38 30 -0.0106134
38 34 0.0584543
38 39 0.0318033
38 43 0.00892947
38 47 -0.0212393
38 51 -0.00221813
38 55 0.0346031
38 59 0.141309
38 63 -0.0219146
38 67 0.101897
38 71 0.0782343
38 75 0.0424061
38 79 0.0158595
38 83 -0.0613946
39 4 -0.0323986
39 8 0.00728539
39 12 -0.0080899
39 16 0.0110562
39 20 -0.00746559
39 24 -0.0013165
39 28 -0.00594994
39 32 0.00699781
39 36 0.072176
39 41 -0.0243334
39 45 -0.024658
39 49 0.0227567
39 53 -0.00164846
39 57 -0.00194523
39 61 -0.0396629
39 65 -0.0150718
39 69 0.120735
39 73 -0.00171245
39 77 0.207708
39 81 0.077554
40 2 0.0213926
40 6 -0.00347154
40 10 -0.0424684
40 14 -0.00451513
40 18 -0.00240603
40 22 -0.0324619
40 26 -0.0295331
40 30 0.0154708
40 34 0.151669
40 38 -0.00669578
40 43 -0.00847006
40 47 0.00967052
40 51 -0.0166738
40 55 -0.00389717
40 59 0.35166
40 63 0.00796777
40 67 0.00635201
40 71 0.0635457
40 75 -0.0136344
40 79 -0.00542723
40 83 0.0566992
41 4 0.0150897
41 8 -0.00146855
41 12 -0.00810673
41 16 0.0177717
41 20 0.0136725
41 24 -0.02835
41 28 -0.0171916
41 32 0.0026926
41 36 0.106803
41 40 0.0101904
41 45 0.0229044
41 49 0.0110052
41 53 -0.0170164
41 57 -0.000131196
41 61 -0.0175703
41 65 -0.0338863
41 69 0.0219814
41 73 -0.0525233
41 77 0.136018
41 81 0.0096999
42 2 0.0108635
42 6 -0.0657049
42 10 -0.00521003
42 14 -0.00958553
42 18 0.00534015
42 22 -0.00873783
42 26 -0.0334556
42 30 -0.0405953
42 34 -0.0648578
42 38 -0.0197117
42 43 -0.0100158
42 47 -0.00286178
42 51 6.30027e-05
42 55 -0.0111772
42 59 0.0152216
42 63 0.0157835
42 67 -0.0470628
42 71 -0.0355644
42 75 -0.0465667
42 79 -0.0335121
42 83 -0.0106679
43 4 0.107893
43 8 0.0081188
43 12 0.0244261
43 16 0.00207694
43 20 -0.0345481
43 24 -0.0298321
43 28 -0.0204807
43 32 -0.0358387
43 36 0.0599603
43 40 -0.0138342
43 45 0.0717441
43 49 0.00618405
43 53 0.0199105
43 57 -0.000163908
43 61 0.0371929
43 65 -0.0326189
43 69 0.00620183
43 73 0.064671
43 77 0.00658804
43 81 -0.0184803
44 2 0.0665421
44 6 0.157302
44 10 -0.0220797
44 14 -0.0287922
44 18 -0.0307679
44 22 -0.0119033
44 26 -0.0158906
44 30 0.0611179
44 34 0.122142
44 38 -0.028014
44 42 0.173921
44 47 -0.0284156
44 51 -0.0443095
44 55 0.00556897
44 59 -0.0354924
44 63 -0.049718
44 67 0.049349
44 71 0.148922
44 75 0.15866
44 79 0.0491615
44 83 -0.00236645
45 4 -0.0452926
45 8 -0.0234782
45 12 -0.0250168
45 16 -0.0117132
45 20 0.00498371
45 24 -0.0347734
45 28 -0.00579656
45 32 0.00938566
45 36 0.000509716
45 40 -0.0332666
45 44 -0.0129645
45 49 -0.0808329
45 53 0.0107374
45 57 0.014817
45 61 -0.0511169
45 65 0.0417522
45 69 -0.00993009
45 73 -0.101164
45 77 0.0209519
45 81 -0.0185516
46 2 -0.00843606
46 6 -0.0378567
46 10 0.00825868
46 14 0.00803783
46 18 0.000896945
46 22 -0.0225505
46 26 -0.0240228
46 30 -0.00880845
46 34 -0.0198914
46 38 0.0053336
46 42 7.45732e-05
46 47 -0.0118301
46 51 0.00778387
46 55 0.00649658
46 59 0.00389324
46 63 0.00103004
46 67 -0.024085
46 71 -0.0460704
46 75 -0.0118725
46 79 -0.0241124
46 83 0.00263925
47 4 0.124302
47 8 0.0478446
47 12 0.0467253
47 16 0.00643977
47 20 0.00469579
47 24 0.00737653
47 28 -0.0204004
47 32 0.0226779
47 36 0.219369
47 40 0.0103494
47 44 -0.03068
47 49 0.154285
47 53 -0.0430215
47 57 0.0274627
47 61 0.0406149
47 65 -0.0327719
47 69 -0.0183577
47 73 0.0287655
47 77 0.00814298
47 81 0.0271453
48 2 0.00555167
48 6 0.0345684
48 10 -0.0329044
48 14 -0.00736948
48 18 -0.0264821
48 22 -0.0334112
48 26 0.0338391
48 30 0.00992564
48 34 -0.0307197
48 38 0.322349
48 42 -0.0475162
48 46 0.0148784
48 51 0.0123491
48 55 -0.00349381
48 59 0.0841555
48 63 -0.0412484
48 67 -0.0799637
48 71 0.013813
48 75 -0.0366665
48 79 -0.0311676
48 83 -0.0576531
49 4 -0.0962868
49 8 -0.0236579
49 12 -0.061146
49 16 0.0172639
49 20 0.0371748
49 24 0.0105361
49 28 -0.0406434
49 32 0.0135688
49 36 0.132774
49 40 0.107513
49 44 0.0186876
49 48 0.0732081
49 53 -0.0163221
49 57 -0.00563143
49 61 0.0709788
49 65 0.0407703
49 69 -0.0181526
49 73 -0.0775251
49 77 0.0560679
49 81 -0.0235368
50 2 0.00785345
50 6 0.0149923
50 10 -0.010588
50 14 0.122377
50 18 0.0265879
50 22 0.0709005
50 26 -0.016273
50 30 -0.0302588
50 34 -0.0181345
50 38 -0.00161337
50 42 0.0300208
50 46 0.0152431
50 51 0.142025
50 55 -0.0415101
50 59 -0.0200472
50 63 0.0204224
50 67 -0.00211456
50 71 -0.0057742
50 75 0.0149255
50 79 0.0226963
50 83 -0.00495261
51 4 0.0181337
51 8 -0.018852
51 12 -0.0241261
51 16 -0.0242863
51 20 -0.0049542
51 24 -0.0115631
51 28 -0.0207824
51 32 -0.0377185
51 36 0.0529757
51 40 0.045437
51 44 0.0143377
51 48 0.05157
51 53 0.0338075
51 57 -0.0247385
51 61 0.00577068
51 65 0.000836863
51 69 -0.0259158
51 73 -0.0213829
51 77 -0.0388338
51 81 -0.0163706
52 2 -0.0119006
52 6 0.0422273
52 10 -0.00851405
52 14 0.0175111
52 18 0.0284855
52 22 0.035027
52 26 0.0167451
52 30 -0.0421954
52 34 -0.0255894
52 38 -0.0702613
52 42 0.0172057
52 46 -0.00457173
52 50 0.023784
52 55 -0.0345406
52 59 -0.02156
52 63 0.0179659
52 67 -0.0271855
52 71 0.0278447
52 75 0.0282863
52 79 0.0102373
52 83 -0.0156958
53 4 0.0493713
53 8 -0.0299644
53 12 -0.0159838
53 16 -0.00593563
53 20 -0.0586632
53 24 0.0220104
53 28 -0.0107145
53 32 -0.0367498
53 36 0.0523486
53 40 0.0586008
53 44 0.00227108
53 48 0.0654474
53 52 0.0572352
53 57 -0.0202358
53 61 0.0845159
53 65 0.039873
53 69 -0.00138612
53 73 0.0316867
53 77 0.00754454
53 81 -0.00848624
54 2 -0.0239749
54 6 0.0347195
54 10 0.00816673
54 14 0.00870674
54 18 0.00419249
54 22 -0.0046474
54 26 -0.0172993
54 30 0.0032795
54 34 -0.0306316
54 38 -0.0359252
54 42 0.00423885
54 46 -0.00237849
54 50 -0.011717
54 55 -0.00556516
54 59 -0.0387413
54 63 -0.017863
54 67 0.024653
54 71 0.0329378
54 75 -0.00277238
54 79 -0.00264146
54 83 0.00604712
55 4 0.218068
55 8 -0.00731093
55 12 -0.0347887
55 16 -0.0514543
55 20 0.0693395
55 24 0.0307815
55 28 -0.00800833
55 32 0.0221171
55 36 0.233211
55 40 -0.0011568
55 44 -0.0418185
55 48 -0.0226815
55 52 -0.0045082
55 57 -0.0202411
55 61 0.174294
55 65 0.0345116
55 69 0.0217442
55 73 0.0512123
55 77 0.0630613
55 81 -0.00910937
56 2 0.0229861
56 6 0.0680358
56 10 -0.0048685
56 14 0.0142507
56 18 0.0237307
56 22 -0.0121312
56 26 0.123333
56 30 0.00477835
56 34 0.0797419
56 38 -0.0198383
56 42 0.109399
56 46 -0.00218654
56 50 0.037117
56 54 -0.00471666
56 59 -0.0276385
56 63 -0.0370444
56 67 0.0366795
56 71 0.124354
56 75 0.119832
56 79 0.0479981
56 83 0.0134612
57 4 0.0953303
57 8 -0.0320076
57 12 -0.0543787
57 16 0.0174539
57 20 -0.0367827
57 24 0.0138327
57 28 0.0533671
57 32 0.0556769
57 36 0.206457
57 40 0.0564771
57 44 -0.00303742
57 48 -0.0632143
57 52 -0.0116612
57 56 -0.0283844
57 61 0.139495
57 65 0.00843854
57 69 0.0509459
57 73 0.0560975
57 77 -0.00280997
57 81 -0.00828876
58 2 0.00860897
58 6 0.0282192
58 10 0.0287141
58 14 -0.00925936
58 18 -0.0154199
58 22 0.0126604
58 26 0.164785
58 30 -0.0480311
58 34 0.143331
58 38 -0.0038534
58 42 -0.0363475
58 46 -0.0151838
58 50 -0.00935608
58 54 -0.00339123
58 59 -0.0125457
58 63 0.000660987
58 67 0.0855068
58 71 0.244914
58 75 0.120315
58 79 0.050766
58 83 0.0692569
59 4 0.0134817
59 8 -0.00979488
59 12 -0.0161703
59 16 0.0070741
59 20 0.0068178
59 24 0.00875864
59 28 0.004747
59 32 -0.00865807
59 36 0.0476779
59 40 -0.000591065
59 44 -0.0026713
59 48 -0.0161263
59 52 -0.00870891
59 56 -0.00562218
59 61 0.0480487
59 65 0.0175709
59 69 -0.0217295
59 73 -0.00735766
59 77 0.00518726
59 81 0.108546
60 2 -0.0441727
60 6 0.0119321
60 10 0.0174179
60 14 0.00842446
60 18 -0.000844557
60 22 -0.0174292
60 26 0.0199545
60 30 -0.0244284
60 34 0.159056
60 38 0.0142616
60 42 -0.0274759
60 46 0.00436276
60 50 -0.00501635
60 54 -0.0052382
60 58 0.0441049
60 63 -0.0179729
60 67 -0.0597265
60 71 0.0649636
60 75 0.0653526
60 79 0.108878
60 83 0.0390415
61 4 0.0465421
61 8 -0.0111054
61 12 -0.0427394
61 16 0.00050346
61 20 0.0255538
61 24 -0.0231321
61 28 -0.0379551
61 32 -0.0159288
61 36 0.121081
61 40 -0.00292312
61 44 -0.0213297
61 48 0.017963
61 52 0.0103565
61 56 0.00108201
61 60 0.164973
61 65 0.0947565
61 69 0.0243077
61 73 0.00622834
61 77 0.0533162
61 81 0.0409041
62 2 0.0262759
62 6 0.0581514
62 10 0.0213928
62 14 0.000491971
62 18 0.016116
62 22 0.0211478
62 26 0.0341884
62 30 0.015999
62 34 0.063082
62 38 0.0339747
62 42 0.132651
62 46 -0.0462952
62 50 -0.00612435
62 54 -0.0242379
62 58 0.0104268
62 63 0.0293384
62 67 0.0415885
62 71 0.0144119
62 75 0.0384022
62 79 0.0616011
62 83 -0.00389461
63 4 0.068799
63 8 -0.00879069
63 12 -0.0545425
63 16 -0.0227785
63 20 -0.00264375
63 24 -0.0164168
63 28 -0.0207252
63 32 -0.00336687
63 36 -0.020057
63 40 -0.0274908
63 44 -0.0391181
63 48 -0.0245876
63 52 0.00761774
63 56 0.00522696
63 60 -0.0102704
63 65 -0.00525935
63 69 -0.00119612
63 73 -0.0297003
63 77 -0.025337
63 81 -0.00266735
64 2 0.0552766
64 6 -0.0577881
64 10 -0.0141334
64 14 0.0126299
64 18 -0.00153141
64 22 -0.00694429
64 26 -0.0237571
64 30 -0.0394906
64 34 -0.0828016
64 38 -0.0267601
64 42 0.0315355
64 46 0.00831358
64 50 0.00788086
64 54 0.0118587
64 58 -0.0441662
64 62 -0.0140068
64 67 -0.0355745
64 71 -0.0231485
64 75 -0.0378065
64 79 0.010769
64 83 0.000989004
65 4 -0.0148944
65 8 0.0171108
65 12 -0.00949743
65 16 0.00373162
65 20 0.00102995
65 24 -0.0107975
65 28 0.00630233
65 32 -0.00665141
65 36 0.072514
65 40 0.0285977
65 44 0.0140296
65 48 -0.0200916
65 52 -0.00999372
65 56 0.00897176
65 60 0.0207276
65 64 0.0585834
65 69 -0.0644588
65 73 -0.0274606
65 77 0.00826674
65 81 -0.0434953
66 2 0.0171752
66 6 -0.0186555
66 10 -0.0348494
66 14 0.00727252
66 18 0.0103119
66 22 -0.0151142
66 26 -0.0245268
66 30 0.00495079
66 34 0.183039
66 38 -0.0203875
66 42 0.00256379
66 46 0.0159809
66 50 0.00507444
66 54 0.00191691
66 58 -0.0183424
66 62 0.00379548
66 67 0.241406
66 71 -0.00450294
66 75 -0.0379862
66 79 -0.0283649
66 83 -0.0633563
67 4 -0.0308468
67 8 -0.0201358
67 12 -0.0201
67 16 0.0155709
67 20 0.0126663
67 24 -0.0248423
67 28 0.00515993
67 32 -0.00605643
67 36 0.150696
67 40 -0.00654823
67 44 0.0121841
67 48 -0.0286316
67 52 0.0012543
67 56 0.00671738
67 60 -0.0575662
67 64 -0.00026852
67 69 -0.00581008
67 73 -0.000290314
67 77 -0.0174292
67 81 0.0240942
68 2 3.1024e-06
68 6 -0.00619407
68 10 -0.0581464
68 14 -0.0195961
68 18 -0.0125533
68 22 -0.0233023
68 26 0.0189401
68 30 0.0214437
68 34 0.0411948
68 38 -0.0141539
68 42 0.0287877
68 46 0.0293521
68 50 -0.0074452
68 54 -0.0133514
68 58 0.0283485
68 62 0.022104
68 66 -0.040193
68 71 0.00388217
68 75 0.02081
68 79 0.0292323
68 83 0.106815
69 4 0.0120097
69 8 0.011883
69 12 -0.0282493
69 16 -0.00624582
69 20 0.00889999
69 24 -0.0177141
69 28 0.00747432
69 32 -0.00379838
69 36 -0.00638687
69 40 -0.0177559
69 44 -0.00114411
69 48 -0.0125017
69 52 -0.00113058
69 56 0.00270259
69 60 0.0466944
69 64 0.0176174
69 68 -0.00451449
69 73 0.0266991
69 77 0.033021
69 81 0.081225
70 2 0.00943449
70 6 0.0307944
70 10 -0.0123805
70 14 0.00151501
70 18 -0.0109574
70 22 0.00723422
70 26 0.00652696
70 30 0.0115416
70 34 0.192528
70 38 0.0722756
70 42 0.0368949
70 46 -0.0165237
70 50 -0.00304202
70 54 -0.0151235
70 58 -0.0482481
70 62 -0.00872368
70 66 0.0657482
70 71 0.140073
70 75 0.151273
70 79 -0.159067
70 83 -0.00749731
71 4 0.0531348
71 8 -0.0263387
71 12 -0.0192054
71 16 -0.00347244
71 20 -0.0052234
71 24 -0.00713562
71 28 0.00475741
71 32 4.22817e-05
71 36 0.0160197
71 40 -0.000245942
71 44 -0.00629457
71 48 0.0133776
71 52 -0.00410547
71 56 0.00250238
71 60 -0.00528431
71 64 -0.00724942
71 68 0.00385752
71 73 -0.0377934
71 77 -0.0431302
71 81 -0.0278157
72 2 -0.0304983
72 6 -0.0105256
72 10 -0.0266157
72 14 -0.0024692
72 18 -0.00940527
72 22 0.00221608
72 26 -0.0269545
72 30 -0.0139691
72 34 0.103351
72 38 -0.0106643
72 42 0.0119271
72 46 0.00172964
72 50 -0.0130758
72 54 0.00327811
72 58 0.0565459
72 62 -0.0200241
72 66 -0.00741035
72 70 -0.0199305
72 75 -0.034823
72 79 0.0404819
72 83 0.00495229
73 4 0.0338369
73 8 -0.0301117
73 12 -0.0578032
73 16 -0.0116439
73 20 -0.00476151
73 24 -0.0260917
73 28 -0.00351455
73 32 -0.00574556
73 36 0.052114
73 40 -0.0398694
73 44 -0.0216941
73 48 0.052505
73 52 -0.0224766
73 56 0.0157216
73 60 0.0144735
73 64 -0.0221913
73 68 0.0126042
73 72 -0.00302915
73 77 -0.00893165
73 81 0.0235109
74 2 0.0597076
74 6 -0.0623903
74 10 -0.0121354
74 14 0.00587813
74 18 0.00891514
74 22 -0.00997175
74 26 -0.0105876
74 30 -0.0340672
74 34 -0.0162836
74 38 0.00409758
74 42 0.111394
74 46 -0.00594427
74 50 0.00157626
74 54 0.00146543
74 58 -0.040018
74 62 -0.00171847
74 66 -0.00172955
74 70 0.00507091
74 75 -0.0445335
74 79 -0.0231558
74 83 -0.0130682
75 4 0.0156631
75 8 -0.0212341
75 12 -0.00834656
75 16 0.00220823
75 20 -0.0080838
75 24 0.0308144
75 28 0.0120898
75 32 0.00710925
75 36 -0.0167021
75 40 -0.00444197
75 44 0.00207201
75 48 0.0039159
75 52 -0.0148095
75 56 0.00090529
75 60 -0.0231093
75 64 -0.0139127
75 68 -0.0106187
75 72 0.0156198
75 77 -0.0543011
75 81 0.0130485
76 2 -0.0214673
76 6 0.0361963
76 10 -0.00325716
76 14 -0.0196884
76 18 -0.00241947
76 22 -0.0140781
76 26 0.0122077
76 30 0.00655212
76 34 -0.0456448
76 38 -0.0521702
76 42 -0.0590466
76 46 0.00975104
76 50 -0.0287597
76 54 -0.0219526
76 58 0.0148888
76 62 0.0342648
76 66 -0.0214085
76 70 -0.00100904
76 74 0.0810887
76 79 0.00800838
76 83 -0.013754
77 4 0.0608004
77 8 0.0168383
77 12 -0.0171319
77 16 0.00180385
77 20 -0.0209969
77 24 0.00286991
77 28 -0.0252131
77 32 -0.00682008
77 36 -0.0694919
77 40 -0.0192097
77 44 -0.0005005
77 48 -0.0241839
77 52 0.00333538
77 56 0.00413009
77 60 -0.00634978
77 64 0.00115645
77 68 0.00233546
77 72 0.0183074
77 76 -0.00326195
77 81 0.198001
78 2 -0.0133825
78 6 0.00383145
78 10 0.0133403
78 14 -0.0207337
78 18 -0.00169027
78 22 0.00106606
78 26 0.0170759
78 30 0.00144667
78 34 0.0246328
78 38 -0.0448377
78 42 -0.0478613
78 46 -0.00569178
78 50 0.0171187
78 54 -0.00171141
78 58 0.00510355
78 62 -0.0252571
78 66 0.00668595
78 70 0.0213104
78 74 0.0524381
78 79 0.0264094
78 83 -0.0465689
79 4 0.07607
79 8 -0.0202127
79 12 -0.0523188
79 16 -0.00856572
79 20 0.018861
79 24 -0.00351379
79 28 0.0102915
79 32 0.00696706
79 36 -0.0325723
79 40 -0.0290649
79 44 -0.00180927
79 48 0.00226741
79 52 -0.0127718
79 56 -0.0116691
79 60 0.0521507
79 64 -0.0122785
79 68 0.0121243
79 72 0.0402152
79 76 0.0081033
79 81 0.0688522
80 2 0.000573463
80 6 0.0108372
80 10 -0.0138217
80 14 0.0067533
80 18 -0.00422582
80 22 -0.0121318
80 26 -0.00413072
80 30 0.000156794
80 34 0.182366
80 38 0.0216081
80 42 -0.0374215
80 46 0.00693096
80 50 -0.00474824
80 54 -0.00299135
80 58 -0.0196963
80 62 -0.0177094
80 66 0.0054804
80 70 0.0500687
80 74 -0.00713802
80 78 0.0217331
80 83 0.0705641
81 4 0.0162012
81 8 0.0060086
81 12 8.4332e-05
81 16 -0.00798018
81 20 0.0128505
81 24 -0.00595757
81 28 -0.0161298
81 32 0.00385573
81 36 0.0223397
81 40 -0.00763013
81 44 -0.00375589
81 48 0.00122792
81 52 0.00561309
81 56 0.00426091
81 60 -0.0181319
81 64 -0.0181675
81 68 0.00243673
81 72 -0.045685
81 76 0.00272932
81 80 -0.00205109
82 2 -0.0177013
82 6 -0.0167675
82 10 0.020731
82 14 0.00149281
82 18 -0.00472434
82 22 -0.0109794
82 26 -0.0255204
82 30 -0.0196414
82 34 0.119041
82 38 0.0180859
82 42 -0.0156305
82 46 0.00272626
82 50 -0.0151385
82 54 0.00515744
82 58 0.0593934
82 62 -0.0138712
82 66 -0.0187152
82 70 -0.0234367
82 74 0.0523466
82 78 -0.0106365
82 83 -0.00866451
83 4 -0.00348874
83 8 0.0064535
83 12 -0.0034139
83 16 -0.00425823
83 20 0.00892621
83 24 -0.00365158
83 28 -0.00830038
83 32 0.00735225
83 36 0.0104073
83 40 -0.00186515
83 44 -0.00563426
83 48 0.00256437
83 52 0.00624282
83 56 0.00541947
83 60 -0.03461
83 64 -0.00105138
83 68 0.00351956
83 72 -0.0581942
83 76 0.00822589
83 80 0.0063803
