1 5 0.000588227
1 9 6.59346e-05
1 13 3.84353e-05
1 17 0.000138762
1 21 0.000185508
1 25 0.000128695
1 29 0.000180175
1 33 6.87726e-05
1 37 0.000315713
1 41 0.000111334
1 45 0.000281769
1 49 0.000202346
1 53 2.38747e-05
1 57 6.0609e-05
1 61 0.000410286
1 65 0.00013191
1 69 2.65958e-05
1 73 0.000446998
1 77 4.92237e-05
1 81 6.9941e-05
2 3 0.000904814
2 7 9.52827e-05
2 11 0.000158907
2 15 6.23827e-05
2 19 7.49819e-05
2 23 0.000206372
2 27 0.000123504
2 31 0.00012838
2 35 0.000164676
2 39 0.00017319
2 43 8.71895e-05
2 47 2.34448e-05
2 51 2.94722e-05
2 55 3.82016e-05
2 59 2.35249e-05
2 63 2.14694e-05
2 67 0.000278392
2 71 0.000137785
2 75 0.000105709
2 79 0.000117869
2 83 8.06163e-05
3 5 0.00105271
3 9 0.000156535
3 13 0.00012722
3 17 -8.13988e-06
3 21 0.000133635
3 25 0.000166077
3 29 0.000252782
3 33 4.36842e-05
3 37 0.000425128
3 41 7.72749e-05
3 45 0.000570708
3 49 1.66722e-05
3 53 4.62837e-05
3 57 0.000114728
3 61 0.000197292
3 65 0.000122264
3 69 3.1546e-05
3 73 0.000655482
3 77 7.00929e-05
3 81 0.000107262
4 2 0.000311667
4 7 2.45041e-06
4 11 0.000115602
4 15 0.00010196
4 19 0.000221584
4 23 0.000381684
4 27 3.82776e-05
4 31 0.000202627
4 35 0.000118056
4 39 3.28406e-05
4 43 0.00022157
4 47 8.24129e-05
4 51 3.19435e-05
4 55 -3.32627e-05
4 59 4.66587e-05
4 63 0.00017255
4 67 0.000242642
4 71 0.000127058
4 75 8.52895e-05
4 79 5.98383e-05
4 83 3.08849e-05
5 4 0.000152539
5 9 0.000341332
5 13 5.4024e-06
5 17 9.11228e-05
5 21 0.000238114
5 25 0.00014601
5 29 0.000116828
5 33 0.000268037
5 37 0.00038162
5 41 0.000164338
5 45 0.000252462
5 49 -1.59485e-05
5 53 -1.74542e-05
5 57 2.21143e-05
5 61 0.000243186
5 65 5.52664e-05
5 69 0.000325862
5 73 0.000498389
5 77 0.000413309
5 81 0.000265746
6 2 0.000616634
6 7 0.000316321
6 11 0.000459803
6 15 7.89482e-05
6 19 5.6378e-05
6 23 0.000255782
6 27 0.000311313
6 31 0.000253398
6 35 0.000363226
6 39 0.000418866
6 43 0.00010553
6 47 -7.06633e-06
6 51 3.75733e-05
6 55 9.47181e-05
6 59 8.86801e-06
6 63 -3.08037e-05
6 67 0.000445878
6 71 0.000452276
6 75 0.000353162
6 79 0.000364971
6 83 0.000257372
7 4 0.000116731
7 9 0.000401912
7 13 3.54187e-05
7 17 4.55973e-05
7 21 0.000159414
7 25 5.86781e-05
7 29 0.000149516
7 33 0.00013204
7 37 0.000310203
7 41 0.000237055
7 45 0.000579522
7 49 9.22961e-05
7 53 -3.01015e-05
7 57 2.32335e-05
7 61 0.000488497
7 65 0.000228338
7 69 0.000127601
7 73 0.000487838
7 77 0.000185734
7 81 0.000167256
8 2 0.000350226
8 6 0.000248081
8 11 0.000328208
8 15 9.61069e-05
8 19 3.69225e-05
8 23 0.00021902
8 27 0.000343397
8 31 0.000264547
8 35 0.000369135
8 39 0.000378931
8 43 0.000117763
8 47 9.75983e-06
8 51 4.33084e-05
8 55 3.35041e-05
8 59 9.67258e-06
8 63 -8.99377e-07
8 67 0.000366945
8 71 0.000148853
8 75 0.000219348
8 79 0.000294369
8 83 9.54913e-05
9 4 -4.80814e-07
9 8 0.000348663
9 13 1.54831e-05
9 17 4.13073e-05
9 21 0.000107801
9 25 4.86364e-05
9 29 0.000111857
9 33 0.000216565
9 37 0.000361012
9 41 0.000337674
9 45 0.000414961
9 49 -3.18959e-05
9 53 -4.29608e-05
9 57 2.08774e-05
9 61 0.000404519
9 65 0.000231254
9 69 0.000251754
9 73 0.000428902
9 77 0.000208851
9 81 0.000270429
10 2 0.000161555
10 6 0.000211701
10 11 0.000388764
10 15 9.47564e-05
10 19 1.82338e-05
10 23 0.000290042
10 27 0.000409076
10 31 0.000261116
10 35 0.000548775
10 39 0.000346424
10 43 0.000108766
10 47 -1.53922e-06
10 51 2.92867e-05
10 55 2.18172e-05
10 59 0.000143253
10 63 -3.1083e-05
10 67 0.000742517
10 71 0.000130357
10 75 0.000219282
10 79 0.000393835
10 83 0.000131673
11 4 0.000119815
11 8 0.000392095
11 13 8.00983e-06
11 17 3.49732e-05
11 21 0.000247846
11 25 5.2409e-05
11 29 0.000154921
11 33 0.000528126
11 37 0.000608725
11 41 0.000327442
11 45 0.000335083
11 49 -6.84118e-05
11 53 -5.61103e-05
11 57 1.85884e-05
11 61 0.000480239
11 65 0.000249163
11 69 0.000413857
11 73 0.000317698
11 77 0.000507003
11 81 0.000500335
12 2 0.000421107
12 6 0.000397563
12 10 0.000453538
12 15 9.86833e-05
12 19 1.40897e-05
12 23 0.00013974
12 27 0.000488516
12 31 0.000244047
12 35 0.000498691
12 39 0.000568413
12 43 0.000147895
12 47 6.75771e-06
12 51 4.10528e-05
12 55 0.000157898
12 59 0.000317783
12 63 -1.56767e-05
12 67 0.000648184
12 71 0.000899667
12 75 0.000848057
12 79 0.000469692
12 83 0.000401651
13 4 0.000356414
13 8 0.000283217
13 12 0.0003198
13 17 4.94508e-05
13 21 0.000143424
13 25 7.22809e-05
13 29 0.000287691
13 33 0.000180346
13 37 0.000274283
13 41 0.000474895
13 45 0.0004834
13 49 0.000328966
13 53 0.000133262
13 57 0.000129299
13 61 0.000573726
13 65 0.000198959
13 69 8.89253e-05
13 73 0.000605136
13 77 0.000215277
13 81 0.000117949
14 2 0.000224718
14 6 0.00044062
14 10 0.000174704
14 15 0.00015678
14 19 0.000424943
14 23 0.00032004
14 27 0.000226295
14 31 0.000755564
14 35 0.000156767
14 39 0.00107553
14 43 0.000239227
14 47 0.000335916
14 51 0.000368503
14 55 9.55269e-05
14 59 0.000324725
14 63 0.000365467
14 67 0.000334646
14 71 0.000405362
14 75 0.000342921
14 79 0.000173898
14 83 0.00013643
15 4 0.000490225
15 8 0.000131077
15 12 0.000158767
15 17 5.73073e-05
15 21 5.65538e-05
15 25 7.67474e-05
15 29 0.00023586
15 33 0.000214785
15 37 0.000128034
15 41 0.00011659
15 45 0.000421733
15 49 0.000536972
15 53 0.000263839
15 57 9.80071e-05
15 61 0.000233193
15 65 0.000193747
15 69 7.07343e-05
15 73 0.000297917
15 77 0.000103893
15 81 9.01878e-05
16 2 0.000568289
16 6 0.000573195
16 10 0.000183702
16 14 2.23753e-05
16 19 0.000115675
16 23 0.000539104
16 27 0.000128362
16 31 0.000150843
16 35 0.000275136
16 39 9.56001e-05
16 43 0.000101602
16 47 4.37003e-05
16 51 2.42221e-05
16 55 5.11049e-05
16 59 0.000142415
16 63 3.52222e-05
16 67 0.000254477
16 71 0.00017863
16 75 0.00024207
16 79 0.000120234
16 83 9.29968e-05
17 4 0.000708523
17 8 0.000311639
17 12 0.000311802
17 16 0.000183926
17 21 0.000151507
17 25 6.61508e-05
17 29 0.000299342
17 33 0.000135385
17 37 0.000248897
17 41 0.000239021
17 45 0.000552364
17 49 0.000222707
17 53 8.04493e-05
17 57 0.000123045
17 61 0.000519379
17 65 0.000140148
17 69 0.000101256
17 73 0.00053357
17 77 0.000238507
17 81 0.000127323
18 2 0.000383399
18 6 0.000548972
18 10 8.41083e-05
18 14 8.94031e-05
18 19 0.000469125
18 23 0.000427964
18 27 5.63679e-05
18 31 0.000285255
18 35 7.43442e-05
18 39 0.000275316
18 43 0.000256253
18 47 0.000158594
18 51 0.000145432
18 55 1.78904e-05
18 59 0.000125317
18 63 0.000282055
18 67 0.000424879
18 71 0.000291235
18 75 0.000243965
18 79 9.22258e-05
18 83 5.52112e-05
19 4 0.000558755
19 8 0.000477056
19 12 0.000671731
19 16 0.00028712
19 21 0.00014312
19 25 3.18378e-05
19 29 0.000259224
19 33 0.00017182
19 37 0.000258768
19 41 0.000148016
19 45 0.000699956
19 49 0.000368784
19 53 7.33184e-05
19 57 0.000203047
19 61 0.000295919
19 65 0.000269465
19 69 7.87985e-05
19 73 0.000627272
19 77 0.000204644
19 81 0.000131645
20 2 0.000288722
20 6 0.00055369
20 10 0.00019662
20 14 6.49973e-05
20 18 9.85394e-05
20 23 0.000378023
20 27 7.14173e-05
20 31 0.000236615
20 35 0.000144163
20 39 0.000126061
20 43 0.000284388
20 47 9.57855e-05
20 51 3.43602e-05
20 55 0.000217205
20 59 0.000336744
20 63 2.20854e-05
20 67 0.000419645
20 71 0.000857936
20 75 0.000648151
20 79 0.000376765
20 83 0.000374795
21 4 0.000525904
21 8 0.000451613
21 12 0.000363113
21 16 0.00011206
21 20 0.000170781
21 25 8.53041e-05
21 29 0.000286783
21 33 0.000374836
21 37 0.000679093
21 41 7.41713e-05
21 45 0.000495421
21 49 8.27332e-06
21 53 0.000120874
21 57 0.000295666
21 61 0.00103864
21 65 4.52358e-05
21 69 0.000138637
21 73 0.000537346
21 77 0.0004766
21 81 0.000366104
22 2 0.000301332
22 6 0.000538328
22 10 0.000220916
22 14 8.6823e-05
22 18 0.000137657
22 23 0.000446632
22 27 7.59166e-05
22 31 0.000242973
22 35 0.00021503
22 39 0.000267463
22 43 0.000336489
22 47 0.00016574
22 51 0.000114866
22 55 0.000182211
22 59 0.000276376
22 63 0.000231157
22 67 0.000476641
22 71 0.00103832
22 75 0.000662831
22 79 0.000359317
22 83 0.00036769
23 4 0.000511419
23 8 0.000394478
23 12 0.000416944
23 16 0.000174007
23 20 1.18201e-05
23 25 4.65677e-05
23 29 0.000164904
23 33 3.44758e-05
23 37 0.000201698
23 41 0.000226003
23 45 0.000548595
23 49 4.55702e-05
23 53 -2.27769e-05
23 57 9.75672e-05
23 61 0.000295314
23 65 0.000272836
23 69 4.80652e-05
23 73 0.000577276
23 77 5.07887e-05
23 81 0.000132685
24 2 0.000618731
24 6 0.000745357
24 10 0.000172051
24 14 1.54336e-05
24 18 0.000206939
24 22 4.18428e-05
24 27 0.00018097
24 31 0.000121651
24 35 0.00040918
24 39 0.000169437
24 43 6.33543e-05
24 47 -1.72562e-05
24 51 1.39218e-05
24 55 3.4347e-05
24 59 8.64648e-05
24 63 -9.97579e-06
24 67 0.000748877
24 71 0.000118187
24 75 0.00029466
24 79 0.000243649
24 83 0.000158055
25 4 0.000449498
25 8 0.000530964
25 12 0.000638956
25 16 0.0003453
25 20 0.000193373
25 24 0.000260534
25 29 0.000429023
25 33 0.000264727
25 37 0.000313967
25 41 0.000536275
25 45 0.00110714
25 49 0.000458003
25 53 9.68938e-05
25 57 0.000192528
25 61 0.000537654
25 65 0.000380119
25 69 0.00011666
25 73 0.000771867
25 77 0.00018418
25 81 9.26818e-05
26 2 0.000297178
26 6 0.000247746
26 10 0.000453975
26 14 1.70519e-05
26 18 0.000136928
26 22 0.000112878
26 27 0.000366792
26 31 0.000330223
26 35 0.000684213
26 39 0.000349804
26 43 0.000273719
26 47 5.62783e-05
26 51 4.0085e-05
26 55 1.33441e-05
26 59 0.000368475
26 63 0.000111312
26 67 0.000543031
26 71 0.000361744
26 75 0.000326976
26 79 0.000778974
26 83 0.000251681
27 4 2.18914e-05
27 8 0.000394372
27 12 0.000643337
27 16 0.000100219
27 20 -2.46803e-05
27 24 0.000407417
27 29 0.000177824
27 33 0.00037893
27 37 0.000555623
27 41 0.000424498
27 45 0.000432686
27 49 -3.27432e-05
27 53 -5.2151e-05
27 57 1.86089e-05
27 61 0.000472943
27 65 0.000272092
27 69 0.000470169
27 73 0.000491715
27 77 0.00030095
27 81 0.000434777
28 2 0.000283791
28 6 0.000260255
28 10 9.52502e-05
28 14 6.48537e-05
28 18 8.8208e-05
28 22 9.32901e-05
28 26 0.000125543
28 31 0.000213523
28 35 0.000356155
28 39 9.82876e-05
28 43 0.000177781
28 47 8.47123e-05
28 51 3.80761e-05
28 55 2.00408e-05
28 59 6.12447e-05
28 63 4.09447e-05
28 67 0.000148791
28 71 0.000107585
28 75 8.59645e-05
28 79 0.000159722
28 83 4.79312e-05
29 4 0.0006343
29 8 0.000147475
29 12 0.000186608
29 16 0.000185378
29 20 0.000206871
29 24 0.000224423
29 28 0.000109067
29 33 5.90776e-05
29 37 0.000143638
29 41 0.000164762
29 45 0.00043611
29 49 0.000498873
29 53 5.85929e-05
29 57 9.37983e-05
29 61 0.000377831
29 65 0.000127073
29 69 3.02617e-05
29 73 0.000607979
29 77 0.000110695
29 81 9.47181e-05
30 2 0.000492749
30 6 0.000348397
30 10 0.000142113
30 14 4.63889e-05
30 18 9.72865e-05
30 22 9.96834e-05
30 26 0.000211698
30 31 0.0002265
30 35 0.000147601
30 39 9.46162e-05
30 43 0.000196908
30 47 6.87508e-05
30 51 2.36745e-05
30 55 5.40221e-05
30 59 4.50373e-05
30 63 1.72686e-05
30 67 0.000211198
30 71 0.000180523
30 75 0.000168235
30 79 0.000121065
30 83 9.75191e-05
31 4 0.000498977
31 8 9.26354e-05
31 12 0.000105874
31 16 4.91108e-05
31 20 7.222e-05
31 24 6.35226e-05
31 28 6.32482e-05
31 33 0.000282349
31 37 7.63667e-05
31 41 0.000156123
31 45 0.000121285
31 49 0.000280979
31 53 3.84481e-05
31 57 3.25856e-05
31 61 0.00020302
31 65 0.000131766
31 69 0.000160533
31 73 0.000124651
31 77 0.000362718
31 81 0.000146731
32 2 0.000236895
32 6 0.000271508
32 10 8.1486e-05
32 14 4.69945e-05
32 18 7.84424e-05
32 22 7.96378e-05
32 26 0.00012382
32 30 0.000386556
32 35 0.000169314
32 39 9.89372e-05
32 43 0.00018491
32 47 7.50689e-05
32 51 2.71338e-05
32 55 3.17873e-05
32 59 7.23513e-05
32 63 4.27772e-05
32 67 0.000150304
32 71 0.000100461
32 75 0.000109048
32 79 5.38509e-05
32 83 4.57594e-05
33 4 0.000182286
33 8 8.61416e-05
33 12 9.60201e-05
33 16 2.8921e-05
33 20 1.2684e-05
33 24 5.16017e-05
33 28 4.25163e-05
33 32 1.27556e-05
33 37 0.000454313
33 41 5.06482e-05
33 45 6.92117e-05
33 49 -2.27868e-06
33 53 -1.73817e-06
33 57 1.91115e-05
33 61 0.000191644
33 65 3.94295e-05
33 69 0.000198084
33 73 3.58733e-05
33 77 0.000206987
33 81 0.000585767
34 2 0.00046504
34 6 0.000630511
34 10 5.65518e-05
34 14 -2.15615e-07
34 18 0.000106834
34 22 9.67842e-05
34 26 0.000209151
34 30 0.000539363
34 35 0.000451581
34 39 7.88239e-05
34 43 0.000162219
34 47 7.94944e-06
34 51 -1.48622e-05
34 55 2.82425e-05
34 59 0.000260395
34 63 -9.39898e-06
34 67 0.000488599
34 71 0.000180721
34 75 0.000130188
34 79 0.000312719
34 83 0.000186144
35 4 0.000152533
35 8 0.000164046
35 12 0.000218226
35 16 5.31087e-05
35 20 8.50329e-06
35 24 0.000148343
35 28 4.74119e-05
35 32 6.01612e-06
35 37 0.000311201
35 41 0.000153896
35 45 0.000150146
35 49 2.15558e-06
35 53 -1.38912e-05
35 57 2.84932e-05
35 61 0.00017058
35 65 9.23866e-05
35 69 0.000167627
35 73 0.000285069
35 77 0.000186007
35 81 0.000198386
36 2 0.000189934
36 6 0.000105206
36 10 0.000256374
36 14 1.84695e-05
36 18 2.66389e-05
36 22 5.03829e-05
36 26 0.000342821
36 30 9.03531e-05
36 34 0.000825739
36 39 0.000308978
36 43 0.000101132
36 47 1.49192e-05
36 51 2.11382e-05
36 55 2.11146e-05
36 59 0.00030048
36 63 2.23833e-05
36 67 0.000291506
36 71 0.000286645
36 75 0.000305454
36 79 0.000621932
36 83 0.000258551
37 4 0.000246901
37 8 0.000101599
37 12 0.000136053
37 16 3.82844e-05
37 20 2.5733e-05
37 24 0.000114106
37 28 5.46065e-05
37 32 1.42253e-05
37 36 0.000537224
37 41 0.000193943
37 45 0.000101378
37 49 4.03597e-05
37 53 -7.8193e-08
37 57 1.84422e-05
37 61 0.000239122
37 65 5.08438e-05
37 69 0.000167808
37 73 0.000113384
37 77 0.00018431
37 81 0.000235161
38 2 0.000138298
38 6 0.000231912
38 10 0.000337237
38 14 1.10594e-05
38 18 3.33402e-05
38 22 9.21212e-05
38 26 0.00039111
38 30 9.64906e-05
38 34 0.000742955
38 39 0.000435719
38 43 9.51466e-05
38 47 2.0482e-05
38 51 4.47635e-05
38 55 8.65239e-05
38 59 0.00103644
38 63 -2.09932e-05
38 67 0.000685159
38 71 0.000544519
38 75 0.000489454
38 79 0.000487379
38 83 0.000427071
39 4 6.62065e-05
39 8 0.000171749
39 12 0.000321487
39 16 2.79059e-05
39 20 3.54452e-05
39 24 0.000194356
39 28 3.61861e-05
39 32 1.61501e-05
39 36 0.000755557
39 41 0.000300872
39 45 0.000113698
39 49 0.000219719
39 53 3.02608e-06
39 57 9.11498e-06
39 61 0.00038061
39 65 0.000112129
39 69 0.00088923
39 73 0.000164371
39 77 0.00107781
39 81 0.000730381
40 2 0.000118064
40 6 0.000246988
40 10 0.000159942
40 14 5.29881e-05
40 18 2.24413e-05
40 22 6.02582e-05
40 26 0.000284426
40 30 0.000140815
40 34 0.000927974
40 38 0.000426566
40 43 8.50592e-05
40 47 5.44324e-05
40 51 4.78501e-05
40 55 7.64555e-05
40 59 0.00159276
40 63 3.18196e-05
40 67 0.000537481
40 71 0.00070878
40 75 0.000566838
40 79 0.000457848
40 83 0.000689518
41 4 0.000205806
41 8 0.000137315
41 12 0.000232076
41 16 3.53637e-05
41 20 4.55558e-05
41 24 8.90332e-05
41 28 4.01773e-05
41 32 2.1889e-05
41 36 0.000729791
41 40 0.000315641
41 45 0.000188183
41 49 0.00020208
41 53 9.03303e-06
41 57 1.25528e-05
41 61 0.000382893
41 65 9.60399e-05
41 69 0.000551164
41 73 6.11067e-05
41 77 0.000870952
41 81 0.000497435
42 2 0.000310123
42 6 0.000191985
42 10 0.000115845
42 14 2.30538e-05
42 18 5.71104e-05
42 22 6.4228e-05
42 26 0.000162376
42 30 0.00017198
42 34 0.00018146
42 38 9.64385e-05
42 43 9.32725e-05
42 47 3.53372e-05
42 51 3.74836e-05
42 55 4.23157e-05
42 59 2.43958e-05
42 63 3.53702e-05
42 67 0.000124843
42 71 0.000159928
42 75 0.00012126
42 79 0.00010498
42 83 8.00456e-05
43 4 0.000668608
43 8 0.00029548
43 12 0.000279864
43 16 0.000177823
43 20 0.000170424
43 24 8.25973e-05
43 28 0.000142547
43 32 6.24191e-05
43 36 0.000574654
43 40 9.00728e-05
43 45 0.000552973
43 49 0.000251923
43 53 7.37581e-05
43 57 0.00012277
43 61 0.000379147
43 65 5.25006e-05
43 69 6.07308e-05
43 73 0.000563608
43 77 0.000123755
43 81 6.99654e-05
44 2 0.000620522
44 6 0.000937521
44 10 0.000115779
44 14 9.52944e-05
44 18 0.000132099
44 22 0.00021691
44 26 0.000267122
44 30 0.000549046
44 34 0.000509048
44 38 0.0002364
44 42 0.0010162
44 47 0.000128661
44 51 9.87036e-05
44 55 0.000127638
44 59 0.000242176
44 63 9.45695e-05
44 67 0.000543365
44 71 0.000701446
44 75 0.00070326
44 79 0.000256449
44 83 0.000241919
45 4 0.000258269
45 8 0.000139695
45 12 0.000156678
45 16 5.91126e-05
45 20 6.72334e-05
45 24 0.00013554
45 28 6.69323e-05
45 32 3.83254e-05
45 36 0.000463668
45 40 8.92882e-05
45 44 7.49084e-05
45 49 -8.01137e-06
45 53 2.41226e-05
45 57 3.53683e-05
45 61 0.000147866
45 65 0.000182398
45 69 8.12364e-05
45 73 0.000139862
45 77 0.000146945
45 81 8.2808e-05
46 2 0.000337566
46 6 0.000382786
46 10 0.000184659
46 14 4.54795e-05
46 18 8.57232e-05
46 22 5.20242e-05
46 26 0.000237534
46 30 0.000262248
46 34 0.000208163
46 38 0.000202363
46 42 0.000494277
46 47 3.49175e-05
46 51 3.10997e-05
46 55 6.14656e-05
46 59 0.000217352
46 63 8.98641e-05
46 67 0.000316768
46 71 0.000289729
46 75 0.000304334
46 79 0.000199745
46 83 0.000155449
47 4 0.000745943
47 8 0.000375752
47 12 0.000456183
47 16 0.000202926
47 20 0.000208
47 24 0.000135257
47 28 0.000143586
47 32 0.000103554
47 36 0.00120426
47 40 0.000439987
47 44 0.000241364
47 49 0.000751082
47 53 0.000106582
47 57 0.000156652
47 61 0.000586262
47 65 0.000240725
47 69 0.000191375
47 73 0.000579781
47 77 0.000379475
47 81 0.000328654
48 2 0.000112066
48 6 0.000260231
48 10 0.000169185
48 14 0.000276464
48 18 2.76284e-05
48 22 0.000193184
48 26 0.000327319
48 30 8.70382e-05
48 34 0.000311142
48 38 0.00127897
48 42 0.000227418
48 46 0.000234888
48 51 0.000458679
48 55 0.000158481
48 59 0.000539762
48 63 0.000242386
48 67 0.000195155
48 71 0.000540331
48 75 0.000354956
48 79 0.000279958
48 83 0.000217209
49 4 0.00020161
49 8 8.52212e-05
49 12 0.000226938
49 16 0.00022526
49 20 0.000244421
49 24 0.000122121
49 28 9.04476e-05
49 32 6.97058e-05
49 36 0.000960258
49 40 0.000775864
49 44 0.000307374
49 48 0.000590244
49 53 0.000281194
49 57 9.32902e-05
49 61 0.000613899
49 65 0.000533009
49 69 0.000151159
49 73 0.000168115
49 77 0.000498686
49 81 0.000188124
50 2 0.00024491
50 6 0.000353523
50 10 3.34012e-05
50 14 0.000599815
50 18 0.000275376
50 22 0.000544733
50 26 9.2109e-05
50 30 0.000190769
50 34 0.000183023
50 38 0.000402984
50 42 0.000383295
50 46 0.000261174
50 51 0.000724207
50 55 0.000185055
50 59 0.000100484
50 63 0.000495045
50 67 0.000207959
50 71 0.000320929
50 75 0.000229828
50 79 0.000126732
50 83 6.33092e-05
51 4 0.000428724
51 8 0.000135906
51 12 0.000234663
51 16 0.000134395
51 20 0.000135458
51 24 3.50543e-05
51 28 0.00010157
51 32 1.66238e-05
51 36 0.000713859
51 40 0.000570184
51 44 0.00028454
51 48 0.000445142
51 53 0.000253931
51 57 5.05771e-05
51 61 0.000416824
51 65 0.000308292
51 69 0.000144577
51 73 0.000289747
51 77 0.000296264
51 81 0.000148347
52 2 0.000159268
52 6 0.000408423
52 10 9.49692e-05
52 14 0.000295376
52 18 0.000187123
52 22 0.000325605
52 26 0.00014039
52 30 0.000126041
52 34 0.000237996
52 38 0.000249726
52 42 0.000457992
52 46 0.000167966
52 50 0.000272601
52 55 0.000110797
52 59 0.000169685
52 63 0.000268188
52 67 0.00016378
52 71 0.000473374
52 75 0.000408809
52 79 0.000129082
52 83 0.000130143
53 4 0.000490869
53 8 0.000127871
53 12 0.000219686
53 16 0.000145483
53 20 0.000137458
53 24 4.06418e-05
53 28 0.000123276
53 32 3.64692e-05
53 36 0.000799555
53 40 0.000431154
53 44 0.000297587
53 48 0.000503917
53 52 0.000371996
53 57 5.3126e-05
53 61 0.00058634
53 65 0.00034547
53 69 0.000121249
53 73 0.000320016
53 77 0.000278728
53 81 0.000155017
54 2 0.000116116
54 6 0.000338521
54 10 7.02205e-05
54 14 5.73043e-05
54 18 4.40526e-05
54 22 7.2264e-05
54 26 0.000123789
54 30 0.000128123
54 34 0.000241948
54 38 0.000134687
54 42 0.000361227
54 46 6.09948e-05
54 50 7.90487e-05
54 55 5.53264e-05
54 59 0.000110528
54 63 0.000100428
54 67 0.000146497
54 71 0.000450185
54 75 0.000352162
54 79 9.7666e-05
54 83 0.000101897
55 4 0.000862046
55 8 0.000283817
55 12 0.000274557
55 16 4.04521e-05
55 20 0.000300795
55 24 0.000208882
55 28 0.000178533
55 32 0.000127518
55 36 0.00122098
55 40 0.000243015
55 44 0.000105753
55 48 0.000181748
55 52 0.000133562
55 57 6.27682e-05
55 61 0.000914327
55 65 0.000213705
55 69 0.000220961
55 73 0.00051521
55 77 0.000472887
55 81 0.000293084
56 2 0.000408019
56 6 0.000520205
56 10 0.000172813
56 14 6.29456e-05
56 18 0.000191069
56 22 7.3239e-05
56 26 0.000518777
56 30 0.000352046
56 34 0.000468512
56 38 0.000180409
56 42 0.00076871
56 46 7.3403e-05
56 50 0.000257121
56 54 2.91904e-05
56 59 0.000188829
56 63 8.29266e-05
56 67 0.000450275
56 71 0.000757358
56 75 0.000572214
56 79 0.000350604
56 83 0.000302594
57 4 0.000477056
57 8 0.000159627
57 12 0.000187677
57 16 0.000194955
57 20 9.31595e-05
57 24 0.000115641
57 28 0.000331077
57 32 0.000185623
57 36 0.0011046
57 40 0.000343796
57 44 0.00021403
57 48 0.000169139
57 52 0.000102039
57 56 9.01063e-06
57 61 0.000729518
57 65 0.000221578
57 69 5.90537e-05
57 73 0.000425144
57 77 0.00019514
57 81 0.000114479
58 2 0.000207022
58 6 0.000366848
58 10 0.00033758
58 14 1.76322e-05
58 18 6.10219e-05
58 22 0.000143798
58 26 0.000919378
58 30 0.000113066
58 34 0.00100791
58 38 0.000264287
58 42 0.000287775
58 46 2.88531e-05
58 50 9.0762e-05
58 54 6.97454e-05
58 59 0.000397864
58 63 9.31183e-05
58 67 0.000530956
58 71 0.00128493
58 75 0.000877352
58 79 0.000644973
58 83 0.000543867
59 4 0.000155776
59 8 0.000126525
59 12 0.00011844
59 16 2.73686e-05
59 20 7.78605e-06
59 24 3.79575e-05
59 28 6.17861e-05
59 32 8.02562e-06
59 36 0.00057355
59 40 2.45511e-05
59 44 2.93944e-05
59 48 -1.35928e-05
59 52 2.51904e-05
59 56 -3.89879e-06
59 61 0.000334248
59 65 6.92507e-05
59 69 0.00033188
59 73 4.5192e-05
59 77 0.00049416
59 81 0.000747985
60 2 0.000101405
60 6 0.000220788
60 10 0.000170024
60 14 2.58795e-05
60 18 4.08342e-05
60 22 4.89367e-05
60 26 0.000383825
60 30 0.000112099
60 34 0.00112692
60 38 0.000161089
60 42 0.00021245
60 46 3.69016e-05
60 50 6.60407e-05
60 54 2.69175e-05
60 58 0.000264974
60 63 3.25703e-05
60 67 0.00019314
60 71 0.000489683
60 75 0.000440087
60 79 0.000683523
60 83 0.000320222
61 4 0.000232216
61 8 0.000152323
61 12 0.000134302
61 16 7.21608e-05
61 20 6.7883e-05
61 24 0.000107619
61 28 6.49158e-05
61 32 1.83382e-05
61 36 0.000850897
61 40 0.000147029
61 44 7.99742e-05
61 48 0.000115667
61 52 0.000106265
61 56 1.62963e-05
61 60 0.000887852
61 65 0.000314497
61 69 0.000463473
61 73 0.000150272
61 77 0.000620141
61 81 0.000680472
62 2 0.00053293
62 6 0.000595228
62 10 0.000237652
62 14 7.92743e-05
62 18 0.000174079
62 22 0.000218451
62 26 0.000182497
62 30 0.00041277
62 34 0.000192761
62 38 0.00010562
62 42 0.000920162
62 46 8.05506e-05
62 50 0.000166347
62 54 0.000116881
62 58 0.000246854
62 63 0.000215871
62 67 0.000416906
62 71 0.000163146
62 75 0.000196457
62 79 0.000209038
62 83 0.000117279
63 4 0.000479634
63 8 0.000145087
63 12 0.000178531
63 16 0.000102581
63 20 0.00010571
63 24 7.45588e-05
63 28 9.3839e-05
63 32 5.09187e-05
63 36 0.000547984
63 40 0.000211586
63 44 0.000149157
63 48 0.000182847
63 52 0.000125532
63 56 4.78805e-05
63 60 0.000183452
63 65 0.00014842
63 69 0.000103327
63 73 0.000246158
63 77 0.000187173
63 81 0.000116696
64 2 0.000469787
64 6 0.000253453
64 10 0.000114872
64 14 1.39778e-05
64 18 5.04742e-05
64 22 6.84743e-05
64 26 0.000164158
64 30 0.00018617
64 34 8.2967e-05
64 38 0.000101138
64 42 0.000478898
64 46 4.62286e-05
64 50 8.03946e-05
64 54 2.47886e-05
64 58 8.91072e-05
64 62 0.000173395
64 67 0.000165193
64 71 0.000226422
64 75 0.000171958
64 79 0.000126768
64 83 0.000101627
65 4 0.00018308
65 8 7.77763e-05
65 12 0.000118543
65 16 4.41865e-05
65 20 5.50249e-05
65 24 5.93435e-05
65 28 4.64339e-05
65 32 1.76097e-05
65 36 0.000510604
65 40 0.000312706
65 44 7.03763e-05
65 48 0.00011431
65 52 7.33773e-05
65 56 2.92838e-05
65 60 0.000144184
65 64 0.000181433
65 69 0.000203764
65 73 6.69178e-05
65 77 0.000449946
65 81 0.000181609
66 2 7.22354e-05
66 6 0.000115498
66 10 0.000142342
66 14 -2.70161e-06
66 18 1.57612e-05
66 22 2.14882e-05
66 26 0.000187911
66 30 7.1072e-05
66 34 0.000969094
66 38 0.000151642
66 42 0.000138444
66 46 1.28626e-05
66 50 1.86703e-05
66 54 -2.99272e-06
66 58 7.91675e-05
66 62 2.61858e-05
66 67 0.000890266
66 71 0.000187938
66 75 0.000222636
66 79 0.000311284
66 83 0.00022079
67 4 0.000114826
67 8 0.000121351
67 12 0.000158171
67 16 4.18927e-05
67 20 2.22529e-05
67 24 0.000129981
67 28 5.2618e-05
67 32 6.73505e-06
67 36 0.000958153
67 40 0.000203026
67 44 3.62926e-05
67 48 8.64761e-05
67 52 5.21808e-05
67 56 7.11372e-06
67 60 0.000264592
67 64 0.000136933
67 69 0.000103675
67 73 0.000169031
67 77 0.000191598
67 81 0.00022933
68 2 0.000162481
68 6 0.000271303
68 10 3.89562e-05
68 14 6.57468e-05
68 18 4.57106e-05
68 22 7.6591e-05
68 26 0.00025145
68 30 0.000171622
68 34 0.00053853
68 38 0.000322982
68 42 0.000471118
68 46 0.000110362
68 50 0.00010123
68 54 7.49987e-05
68 58 0.000116101
68 62 0.000303137
68 66 0.00033096
68 71 0.000578194
68 75 0.000517369
68 79 0.000403958
68 83 0.000655123
69 4 0.000139212
69 8 0.00012842
69 12 0.000123315
69 16 2.4051e-05
69 20 1.2235e-05
69 24 4.44393e-05
69 28 5.78256e-05
69 32 7.04809e-06
69 36 0.000378109
69 40 4.96495e-05
69 44 3.18565e-05
69 48 4.69493e-06
69 52 2.57224e-05
69 56 -4.64417e-06
69 60 0.000490921
69 64 6.7452e-05
69 68 9.7906e-06
69 73 7.96001e-05
69 77 0.000482353
69 81 0.00065587
70 2 6.02149e-05
70 6 0.000129715
70 10 0.000144066
70 14 -8.39223e-06
70 18 1.78251e-05
70 22 4.59216e-05
70 26 0.000218953
70 30 9.77044e-05
70 34 0.00105111
70 38 0.000250404
70 42 0.000144861
70 46 -5.38612e-06
70 50 -6.59333e-06
70 54 -1.22e-05
70 58 2.91286e-05
70 62 2.56987e-05
70 66 0.000407061
70 71 0.00050322
70 75 0.000541419
70 79 0.000177696
70 83 0.000299234
71 4 0.000268096
71 8 0.000101346
71 12 0.000121697
71 16 3.93519e-05
71 20 2.44777e-05
71 24 9.48978e-05
71 28 5.55437e-05
71 32 1.89284e-05
71 36 0.000424788
71 40 8.42166e-05
71 44 3.79344e-05
71 48 3.77446e-05
71 52 3.00929e-05
71 56 1.40414e-05
71 60 0.000329852
71 64 9.85951e-05
71 68 1.43534e-05
71 73 6.95414e-05
71 77 0.000173095
71 81 0.000314015
72 2 8.37696e-05
72 6 0.000111152
72 10 0.000115268
72 14 1.44108e-05
72 18 3.29988e-05
72 22 4.51048e-05
72 26 0.000196654
72 30 9.2055e-05
72 34 0.00100003
72 38 0.00011751
72 42 0.000204126
72 46 2.56745e-05
72 50 4.79063e-05
72 54 1.57177e-05
72 58 0.000283761
72 62 5.98563e-05
72 66 0.000252406
72 70 0.000162496
72 75 0.000174985
72 79 0.000506741
72 83 0.000161584
73 4 0.000344835
73 8 0.000165317
73 12 0.000182142
73 16 7.59726e-05
73 20 6.36203e-05
73 24 0.000143531
73 28 7.44316e-05
73 32 3.23738e-05
73 36 0.000658782
73 40 0.00010059
73 44 9.61917e-05
73 48 0.000234151
73 52 8.09627e-05
73 56 3.06031e-05
73 60 0.000274185
73 64 0.000282681
73 68 0.000115617
73 72 0.000262854
73 77 6.41035e-05
73 81 0.000115183
74 2 0.000367012
74 6 0.000208649
74 10 0.000107804
74 14 2.85833e-05
74 18 4.65185e-05
74 22 8.33329e-05
74 26 0.000131243
74 30 0.000175505
74 34 0.000148051
74 38 0.000108924
74 42 0.000614097
74 46 4.37579e-05
74 50 7.53804e-05
74 54 3.21474e-05
74 58 9.00813e-05
74 62 0.000179132
74 66 0.000123686
74 70 0.00010772
74 75 0.000115612
74 79 9.70083e-05
74 83 8.5018e-05
75 4 0.000189315
75 8 9.6121e-05
75 12 0.000160901
75 16 2.84709e-05
75 20 1.45987e-05
75 24 0.000223837
75 28 8.47047e-05
75 32 1.02982e-05
75 36 0.000335768
75 40 0.000157629
75 44 2.15853e-05
75 48 3.67423e-05
75 52 2.18523e-05
75 56 1.32402e-05
75 60 0.00031439
75 64 6.08353e-05
75 68 5.7216e-06
75 72 0.00036064
75 77 0.000136514
75 81 0.000339739
76 2 0.000137046
76 6 0.000401672
76 10 7.22135e-05
76 14 0.000115205
76 18 7.20057e-05
76 22 0.000125359
76 26 0.000118959
76 30 0.000143558
76 34 0.00015139
76 38 0.000237751
76 42 0.000279392
76 46 9.25523e-05
76 50 0.000133167
76 54 0.000113661
76 58 7.86925e-05
76 62 0.000388663
76 66 0.00015621
76 70 0.000139421
76 74 0.000809547
76 79 0.000114934
76 83 0.000127236
77 4 0.000285627
77 8 0.000147146
77 12 0.000150386
77 16 4.244e-05
77 20 1.55988e-05
77 24 9.69496e-05
77 28 4.59939e-05
77 32 1.30438e-05
77 36 0.00041344
77 40 8.17102e-06
77 44 2.83403e-05
77 48 1.44578e-05
77 52 2.20795e-05
77 56 1.13774e-05
77 60 0.000483411
77 64 0.000134024
77 68 9.83034e-06
77 72 0.000589858
77 76 4.1686e-06
77 81 0.00104955
78 2 6.73983e-05
78 6 0.0001003
78 10 5.32849e-05
78 14 4.25243e-05
78 18 3.05639e-05
78 22 5.54171e-05
78 26 0.000139779
78 30 6.95774e-05
78 34 0.000653189
78 38 0.000142585
78 42 0.000105423
78 46 3.56534e-05
78 50 5.38621e-05
78 54 4.43139e-05
78 58 9.37665e-05
78 62 3.8097e-05
78 66 0.000172362
78 70 0.00024725
78 74 0.000392579
78 79 0.000319057
78 83 0.000178647
79 4 0.000248061
79 8 0.000146309
79 12 0.000113497
79 16 4.37367e-05
79 20 2.43326e-05
79 24 0.000130523
79 28 7.61759e-05
79 32 1.03703e-05
79 36 0.000364702
79 40 5.41542e-05
79 44 4.57385e-05
79 48 2.14256e-05
79 52 2.86103e-05
79 56 6.88377e-06
79 60 0.00049158
79 64 0.000105285
79 68 1.79203e-05
79 72 0.000485894
79 76 -4.03446e-06
79 81 0.000510989
80 2 0.000100304
80 6 0.000123371
80 10 4.39206e-05
80 14 -1.53941e-06
80 18 1.39551e-05
80 22 1.1424e-05
80 26 0.000243743
80 30 4.80695e-05
80 34 0.00123406
80 38 0.000161685
80 42 4.8402e-05
80 46 1.63685e-05
80 50 2.34426e-05
80 54 9.2621e-06
80 58 7.65436e-05
80 62 3.3716e-05
80 66 0.000276242
80 70 0.000399305
80 74 0.000162149
80 78 0.00044475
80 83 0.000598051
81 4 0.000147483
81 8 9.14994e-05
81 12 0.000107111
81 16 3.01815e-05
81 20 1.13426e-05
81 24 6.5105e-05
81 28 3.98457e-05
81 32 9.85693e-06
81 36 0.000453326
81 40 2.79295e-05
81 44 3.15199e-05
81 48 2.8308e-05
81 52 3.23131e-05
81 56 8.36996e-06
81 60 0.000298835
81 64 8.15326e-05
81 68 1.25252e-05
81 72 0.000253222
81 76 9.29329e-06
81 80 0.000288063
82 2 9.77728e-05
82 6 0.000111201
82 10 7.66765e-05
82 14 1.03104e-05
82 18 3.51072e-05
82 22 3.863e-05
82 26 0.000174109
82 30 9.86076e-05
82 34 0.00102817
82 38 9.41028e-05
82 42 0.00013704
82 46 2.68982e-05
82 50 5.01621e-05
82 54 1.66848e-05
82 58 0.00028124
82 62 7.98871e-05
82 66 0.00020517
82 70 0.000161126
82 74 0.000407204
82 78 0.000411672
82 83 0.000188515
83 4 0.000102791
83 8 6.88155e-05
83 12 8.48155e-05
83 16 2.093e-05
83 20 6.38967e-06
83 24 5.18075e-05
83 28 3.15225e-05
83 32 6.56674e-06
83 36 0.000375591
83 40 1.63096e-05
83 44 1.99602e-05
83 48 2.20593e-05
83 52 2.62172e-05
83 56 4.6818e-06
83 60 0.000228747
83 64 5.87642e-05
83 68 6.36104e-06
83 72 0.000183712
83 76 5.61229e-06
83 80 0.000304519
