1 1 1
1 62 1
1 74 1
1 3 1
1 44 1
1 64 1
1 45 1
1 47 1
1 6 1
1 73 1
1 4 1
2 2 1
2 73 1
2 6 1
2 30 1
2 42 1
2 23 1
2 7 1
2 74 1
2 24 1
2 3 1
2 46 1
3 3 1
3 74 1
3 6 1
3 64 1
3 12 1
3 1 1
3 23 1
3 50 1
3 2 1
3 8 1
3 67 1
4 4 1
4 28 1
4 30 1
4 29 1
4 42 1
4 56 1
4 23 1
4 20 1
4 17 1
4 31 1
4 74 1
5 5 1
5 40 1
5 41 1
5 38 1
5 7 1
5 39 1
5 9 1
5 27 1
5 26 1
5 35 1
5 45 1
6 6 1
6 3 1
6 74 1
6 2 1
6 64 1
6 12 1
6 42 1
6 30 1
6 67 1
6 8 1
6 36 1
7 7 1
7 24 1
7 58 1
7 5 1
7 2 1
7 46 1
7 9 1
7 25 1
7 27 1
7 35 1
7 8 1
8 8 1
8 64 1
8 16 1
8 3 1
8 6 1
8 35 1
8 7 1
8 56 1
8 82 1
8 74 1
8 17 1
9 9 1
9 10 1
9 27 1
9 45 1
9 35 1
9 11 1
9 70 1
9 7 1
9 5 1
9 61 1
9 66 1
10 10 1
10 9 1
10 24 1
10 27 1
10 4 1
10 35 1
10 7 1
10 26 1
10 25 1
10 5 1
10 71 1
11 11 1
11 35 1
11 27 1
11 39 1
11 67 1
11 41 1
11 70 1
11 74 1
11 69 1
11 9 1
11 66 1
12 12 1
12 67 1
12 3 1
12 6 1
12 74 1
12 35 1
12 64 1
12 81 1
12 5 1
12 11 1
12 68 1
13 13 1
13 14 1
13 56 1
13 18 1
13 57 1
13 47 1
13 54 1
13 44 1
13 50 1
13 53 1
13 68 1
14 14 1
14 56 1
14 13 1
14 18 1
14 57 1
14 51 1
14 47 1
14 68 1
14 48 1
14 54 1
14 52 1
15 15 1
15 63 1
15 62 1
15 53 1
15 29 1
15 49 1
15 28 1
15 76 1
15 30 1
15 40 1
15 47 1
16 16 1
16 17 1
16 8 1
16 74 1
16 25 1
16 56 1
16 51 1
16 45 1
16 55 1
16 19 1
16 47 1
17 17 1
17 16 1
17 56 1
17 28 1
17 4 1
17 54 1
17 43 1
17 20 1
17 5 1
17 51 1
17 25 1
18 18 1
18 14 1
18 57 1
18 56 1
18 50 1
18 13 1
18 58 1
18 52 1
18 73 1
18 49 1
18 47 1
19 19 1
19 74 1
19 62 1
19 51 1
19 50 1
19 28 1
19 73 1
19 47 1
19 63 1
19 11 1
19 16 1
20 20 1
20 51 1
20 25 1
20 55 1
20 22 1
20 42 1
20 63 1
20 73 1
20 4 1
20 68 1
20 30 1
21 21 1
21 57 1
21 58 1
21 72 1
21 61 1
21 26 1
21 60 1
21 23 1
21 82 1
21 34 1
21 4 1
22 22 1
22 54 1
22 55 1
22 53 1
22 47 1
22 20 1
22 48 1
22 6 1
22 58 1
22 51 1
22 49 1
23 23 1
23 24 1
23 73 1
23 45 1
23 2 1
23 3 1
23 26 1
23 42 1
23 29 1
23 74 1
23 30 1
24 24 1
24 27 1
24 35 1
24 7 1
24 23 1
24 25 1
24 2 1
24 26 1
24 6 1
24 63 1
24 10 1
25 25 1
25 63 1
25 51 1
25 68 1
25 47 1
25 46 1
25 24 1
25 7 1
25 16 1
25 52 1
25 20 1
26 26 1
26 82 1
26 72 1
26 61 1
26 60 1
26 27 1
26 23 1
26 35 1
26 5 1
26 24 1
26 34 1
27 27 1
27 35 1
27 24 1
27 70 1
27 9 1
27 69 1
27 11 1
27 66 1
27 26 1
27 5 1
27 7 1
28 28 1
28 4 1
28 43 1
28 62 1
28 17 1
28 19 1
28 54 1
28 31 1
28 15 1
28 71 1
28 26 1
29 29 1
29 4 1
29 77 1
29 23 1
29 54 1
29 49 1
29 47 1
29 62 1
29 45 1
29 15 1
29 53 1
30 30 1
30 2 1
30 6 1
30 4 1
30 46 1
30 23 1
30 63 1
30 3 1
30 74 1
30 42 1
30 20 1
31 31 1
31 62 1
31 41 1
31 51 1
31 65 1
31 40 1
31 39 1
31 32 1
31 28 1
31 4 1
31 38 1
32 32 1
32 31 1
32 56 1
32 19 1
32 4 1
32 13 1
32 28 1
32 14 1
32 57 1
32 58 1
32 42 1
33 33 1
33 81 1
33 83 1
33 80 1
33 69 1
33 70 1
33 82 1
33 59 1
33 77 1
33 34 1
33 61 1
34 34 1
34 82 1
34 78 1
34 72 1
34 61 1
34 80 1
34 79 1
34 77 1
34 60 1
34 71 1
34 69 1
35 35 1
35 27 1
35 11 1
35 24 1
35 70 1
35 69 1
35 9 1
35 66 1
35 79 1
35 72 1
35 26 1
36 36 1
36 71 1
36 37 1
36 75 1
36 72 1
36 61 1
36 69 1
36 60 1
36 34 1
36 6 1
36 67 1
37 37 1
37 71 1
37 36 1
37 75 1
37 61 1
37 69 1
37 77 1
37 72 1
37 70 1
37 5 1
37 6 1
38 38 1
38 39 1
38 40 1
38 41 1
38 51 1
38 65 1
38 69 1
38 5 1
38 11 1
38 71 1
38 70 1
39 39 1
39 41 1
39 38 1
39 40 1
39 11 1
39 65 1
39 70 1
39 51 1
39 69 1
39 5 1
39 27 1
40 40 1
40 41 1
40 39 1
40 38 1
40 5 1
40 65 1
40 68 1
40 51 1
40 27 1
40 11 1
40 54 1
41 41 1
41 40 1
41 39 1
41 38 1
41 65 1
41 68 1
41 5 1
41 11 1
41 51 1
41 69 1
41 31 1
42 42 1
42 73 1
42 2 1
42 6 1
42 23 1
42 4 1
42 3 1
42 24 1
42 64 1
42 20 1
42 30 1
43 43 1
43 28 1
43 46 1
43 54 1
43 17 1
43 71 1
43 4 1
43 62 1
43 26 1
43 47 1
43 16 1
44 44 1
44 47 1
44 1 1
44 52 1
44 63 1
44 25 1
44 3 1
44 51 1
44 49 1
44 54 1
44 74 1
45 45 1
45 1 1
45 9 1
45 23 1
45 62 1
45 74 1
45 73 1
45 5 1
45 3 1
45 29 1
45 40 1
46 46 1
46 51 1
46 25 1
46 7 1
46 68 1
46 43 1
46 2 1
46 30 1
46 63 1
46 58 1
46 47 1
47 47 1
47 44 1
47 52 1
47 25 1
47 63 1
47 51 1
47 54 1
47 56 1
47 53 1
47 68 1
47 49 1
48 48 1
48 65 1
48 68 1
48 49 1
48 51 1
48 54 1
48 14 1
48 76 1
48 52 1
48 6 1
48 36 1
49 49 1
49 52 1
49 48 1
49 53 1
49 54 1
49 50 1
49 51 1
49 47 1
49 76 1
49 68 1
49 29 1
50 50 1
50 49 1
50 18 1
50 3 1
50 19 1
50 51 1
50 73 1
50 52 1
50 20 1
50 13 1
50 62 1
51 51 1
51 68 1
51 25 1
51 65 1
51 63 1
51 52 1
51 48 1
51 47 1
51 38 1
51 46 1
51 53 1
52 52 1
52 49 1
52 47 1
52 51 1
52 44 1
52 76 1
52 48 1
52 6 1
52 25 1
52 18 1
52 54 1
53 53 1
53 49 1
53 51 1
53 47 1
53 54 1
53 76 1
53 65 1
53 63 1
53 62 1
53 15 1
53 22 1
54 54 1
54 22 1
54 55 1
54 49 1
54 47 1
54 48 1
54 68 1
54 56 1
54 53 1
54 43 1
54 29 1
55 55 1
55 54 1
55 22 1
55 20 1
55 51 1
55 16 1
55 25 1
55 46 1
55 63 1
55 71 1
55 36 1
56 56 1
56 14 1
56 13 1
56 18 1
56 47 1
56 57 1
56 54 1
56 17 1
56 4 1
56 8 1
56 16 1
57 57 1
57 21 1
57 58 1
57 14 1
57 18 1
57 56 1
57 13 1
57 54 1
57 22 1
57 64 1
57 74 1
58 58 1
58 21 1
58 57 1
58 7 1
58 18 1
58 2 1
58 6 1
58 46 1
58 22 1
58 3 1
58 73 1
59 59 1
59 69 1
59 70 1
59 77 1
59 80 1
59 33 1
59 82 1
59 83 1
59 34 1
59 81 1
59 11 1
60 60 1
60 72 1
60 34 1
60 82 1
60 61 1
60 77 1
60 71 1
60 26 1
60 36 1
60 53 1
60 79 1
61 61 1
61 72 1
61 82 1
61 34 1
61 71 1
61 37 1
61 60 1
61 36 1
61 26 1
61 81 1
61 33 1
62 62 1
62 1 1
62 63 1
62 15 1
62 19 1
62 76 1
62 74 1
62 45 1
62 28 1
62 31 1
62 53 1
63 63 1
63 25 1
63 15 1
63 51 1
63 62 1
63 47 1
63 76 1
63 68 1
63 44 1
63 53 1
63 46 1
64 64 1
64 3 1
64 74 1
64 6 1
64 1 1
64 8 1
64 73 1
64 12 1
64 42 1
64 47 1
64 2 1
65 65 1
65 48 1
65 68 1
65 41 1
65 51 1
65 40 1
65 39 1
65 38 1
65 53 1
65 78 1
65 31 1
66 66 1
66 27 1
66 69 1
66 35 1
66 11 1
66 70 1
66 9 1
66 72 1
66 41 1
66 33 1
66 77 1
67 67 1
67 12 1
67 81 1
67 11 1
67 83 1
67 6 1
67 33 1
67 35 1
67 3 1
67 36 1
67 74 1
68 68 1
68 48 1
68 51 1
68 65 1
68 25 1
68 41 1
68 76 1
68 40 1
68 47 1
68 14 1
68 63 1
69 69 1
69 70 1
69 59 1
69 33 1
69 77 1
69 80 1
69 81 1
69 83 1
69 82 1
69 27 1
69 66 1
70 70 1
70 69 1
70 59 1
70 33 1
70 77 1
70 81 1
70 27 1
70 80 1
70 35 1
70 83 1
70 75 1
71 71 1
71 36 1
71 37 1
71 75 1
71 72 1
71 61 1
71 34 1
71 77 1
71 69 1
71 60 1
71 70 1
72 72 1
72 82 1
72 34 1
72 61 1
72 60 1
72 71 1
72 36 1
72 26 1
72 83 1
72 69 1
72 75 1
73 73 1
73 2 1
73 42 1
73 74 1
73 23 1
73 64 1
73 45 1
73 50 1
73 3 1
73 18 1
73 35 1
74 74 1
74 3 1
74 19 1
74 1 1
74 6 1
74 64 1
74 12 1
74 73 1
74 62 1
74 11 1
74 45 1
75 75 1
75 36 1
75 71 1
75 37 1
75 70 1
75 69 1
75 72 1
75 83 1
75 35 1
75 61 1
75 77 1
76 76 1
76 68 1
76 51 1
76 62 1
76 63 1
76 49 1
76 52 1
76 48 1
76 53 1
76 47 1
76 14 1
77 77 1
77 69 1
77 80 1
77 59 1
77 82 1
77 70 1
77 34 1
77 33 1
77 71 1
77 60 1
77 37 1
78 78 1
78 34 1
78 79 1
78 65 1
78 61 1
78 51 1
78 80 1
78 33 1
78 81 1
78 69 1
78 48 1
79 79 1
79 78 1
79 34 1
79 35 1
79 61 1
79 69 1
79 83 1
79 60 1
79 27 1
79 33 1
79 9 1
80 80 1
80 82 1
80 33 1
80 77 1
80 34 1
80 69 1
80 81 1
80 59 1
80 70 1
80 83 1
80 2 1
81 81 1
81 33 1
81 83 1
81 80 1
81 70 1
81 69 1
81 67 1
81 82 1
81 61 1
81 59 1
81 72 1
82 82 1
82 34 1
82 80 1
82 72 1
82 61 1
82 77 1
82 33 1
82 60 1
82 69 1
82 59 1
82 26 1
83 83 1
83 33 1
83 81 1
83 69 1
83 70 1
83 59 1
83 80 1
83 72 1
83 82 1
83 67 1
83 75 1
