1 2 0
1 4 0
1 6 0
1 8 0
1 10 0
1 12 0
1 14 0
1 16 0
1 18 0
1 20 0
1 22 0
1 24 0
1 26 0
1 28 0
1 30 0
1 32 0
1 34 0
1 36 0
1 38 0
1 40 0
1 42 1
1 44 0
1 46 0
1 48 0
1 50 0
1 52 0
1 54 0
1 56 0
1 58 0
1 60 0
1 62 0
1 64 0
1 66 0
1 68 0
1 70 0
1 72 0
1 74 0
1 76 0
1 78 0
1 80 0
1 82 0
2 1 0
2 4 0
2 6 0
2 8 0
2 10 0
2 12 0
2 14 0
2 16 0
2 18 0
2 20 0
2 22 0
2 24 0
2 26 0
2 28 0
2 30 0
2 32 0
2 34 0
2 36 0
2 38 0
2 40 0
2 42 0
2 44 0
2 46 0
2 48 0
2 50 0
2 52 0
2 54 0
2 56 0
2 58 0
2 60 0
2 62 0
2 64 0
2 66 0
2 68 0
2 70 0
2 72 0
2 74 0
2 76 0
2 78 0
2 80 0
2 82 0
3 1 1
3 4 0
3 6 0
3 8 0
3 10 0
3 12 0
3 14 0
3 16 0
3 18 0
3 20 0
3 22 0
3 24 0
3 26 0
3 28 0
3 30 0
3 32 0
3 34 0
3 36 0
3 38 0
3 40 0
3 42 0
3 44 0
3 46 0
3 48 0
3 50 0
3 52 0
3 54 0
3 56 0
3 58 0
3 60 0
3 62 0
3 64 0
3 66 0
3 68 0
3 70 0
3 72 0
3 74 0
3 76 0
3 78 0
3 80 0
3 82 0
4 1 1
4 3 0
4 6 0
4 8 0
4 10 0
4 12 0
4 14 0
4 16 0
4 18 0
4 20 0
4 22 0
4 24 0
4 26 0
4 28 0
4 30 0
4 32 0
4 34 0
4 36 0
4 38 0
4 40 0
4 42 0
4 44 0
4 46 0
4 48 0
4 50 0
4 52 0
4 54 0
4 56 0
4 58 0
4 60 0
4 62 0
4 64 0
4 66 0
4 68 0
4 70 0
4 72 0
4 74 0
4 76 0
4 78 0
4 80 0
4 82 0
5 1 0
5 3 0
5 6 0
5 8 0
5 10 0
5 12 0
5 14 0
5 16 0
5 18 0
5 20 0
5 22 0
5 24 0
5 26 0
5 28 0
5 30 0
5 32 0
5 34 0
5 36 0
5 38 0
5 40 0
5 42 1
5 44 0
5 46 0
5 48 0
5 50 0
5 52 0
5 54 0
5 56 0
5 58 0
5 60 0
5 62 0
5 64 0
5 66 0
5 68 0
5 70 0
5 72 0
5 74 0
5 76 0
5 78 0
5 80 0
5 82 0
6 1 0
6 3 1
6 5 1
6 8 0
6 10 0
6 12 0
6 14 0
6 16 0
6 18 0
6 20 0
6 22 0
6 24 0
6 26 0
6 28 0
6 30 0
6 32 0
6 34 0
6 36 1
6 38 0
6 40 0
6 42 0
6 44 0
6 46 0
6 48 0
6 50 0
6 52 0
6 54 0
6 56 0
6 58 0
6 60 0
6 62 0
6 64 0
6 66 0
6 68 0
6 70 0
6 72 0
6 74 0
6 76 0
6 78 0
6 80 0
6 82 0
7 1 0
7 3 0
7 5 1
7 8 0
7 10 0
7 12 0
7 14 0
7 16 0
7 18 0
7 20 0
7 22 0
7 24 0
7 26 0
7 28 0
7 30 0
7 32 0
7 34 0
7 36 0
7 38 0
7 40 0
7 42 0
7 44 0
7 46 0
7 48 0
7 50 0
7 52 0
7 54 0
7 56 0
7 58 0
7 60 0
7 62 0
7 64 0
7 66 0
7 68 0
7 70 0
7 72 0
7 74 0
7 76 0
7 78 0
7 80 0
7 82 0
8 1 0
8 3 0
8 5 1
8 7 0
8 10 0
8 12 0
8 14 0
8 16 0
8 18 0
8 20 0
8 22 0
8 24 0
8 26 0
8 28 0
8 30 0
8 32 0
8 34 0
8 36 0
8 38 0
8 40 0
8 42 0
8 44 0
8 46 0
8 48 0
8 50 0
8 52 0
8 54 0
8 56 0
8 58 0
8 60 0
8 62 0
8 64 0
8 66 0
8 68 0
8 70 0
8 72 0
8 74 0
8 76 0
8 78 0
8 80 0
8 82 0
9 1 0
9 3 0
9 5 1
9 7 0
9 10 0
9 12 0
9 14 0
9 16 0
9 18 0
9 20 0
9 22 0
9 24 0
9 26 0
9 28 0
9 30 0
9 32 0
9 34 0
9 36 0
9 38 0
9 40 0
9 42 0
9 44 0
9 46 0
9 48 0
9 50 0
9 52 0
9 54 0
9 56 0
9 58 0
9 60 0
9 62 0
9 64 0
9 66 0
9 68 0
9 70 0
9 72 0
9 74 0
9 76 0
9 78 0
9 80 0
9 82 0
10 1 0
10 3 0
10 5 1
10 7 0
10 9 0
10 12 0
10 14 0
10 16 0
10 18 0
10 20 0
10 22 0
10 24 0
10 26 0
10 28 0
10 30 0
10 32 0
10 34 0
10 36 0
10 38 0
10 40 0
10 42 0
10 44 0
10 46 0
10 48 0
10 50 0
10 52 0
10 54 0
10 56 0
10 58 0
10 60 0
10 62 0
10 64 0
10 66 0
10 68 0
10 70 0
10 72 0
10 74 0
10 76 0
10 78 0
10 80 0
10 82 0
11 1 0
11 3 0
11 5 1
11 7 0
11 9 0
11 12 0
11 14 0
11 16 0
11 18 0
11 20 0
11 22 0
11 24 0
11 26 0
11 28 0
11 30 0
11 32 0
11 34 1
11 36 0
11 38 0
11 40 0
11 42 0
11 44 0
11 46 0
11 48 0
11 50 0
11 52 0
11 54 0
11 56 0
11 58 0
11 60 0
11 62 0
11 64 0
11 66 0
11 68 0
11 70 0
11 72 0
11 74 0
11 76 0
11 78 0
11 80 0
11 82 0
12 1 0
12 3 0
12 5 1
12 7 0
12 9 0
12 11 0
12 14 0
12 16 0
12 18 0
12 20 0
12 22 0
12 24 0
12 26 0
12 28 0
12 30 0
12 32 0
12 34 0
12 36 1
12 38 0
12 40 0
12 42 0
12 44 0
12 46 0
12 48 0
12 50 0
12 52 0
12 54 0
12 56 0
12 58 0
12 60 0
12 62 0
12 64 0
12 66 0
12 68 0
12 70 0
12 72 0
12 74 0
12 76 0
12 78 0
12 80 0
12 82 0
13 1 1
13 3 0
13 5 0
13 7 0
13 9 0
13 11 0
13 14 0
13 16 0
13 18 0
13 20 0
13 22 0
13 24 0
13 26 0
13 28 0
13 30 0
13 32 0
13 34 0
13 36 0
13 38 0
13 40 0
13 42 0
13 44 0
13 46 0
13 48 0
13 50 0
13 52 0
13 54 0
13 56 0
13 58 0
13 60 0
13 62 0
13 64 0
13 66 0
13 68 0
13 70 0
13 72 0
13 74 0
13 76 0
13 78 0
13 80 0
13 82 0
14 1 1
14 3 0
14 5 0
14 7 0
14 9 0
14 11 0
14 13 0
14 16 0
14 18 0
14 20 0
14 22 0
14 24 0
14 26 0
14 28 0
14 30 0
14 32 0
14 34 0
14 36 0
14 38 0
14 40 1
14 42 0
14 44 0
14 46 0
14 48 0
14 50 0
14 52 0
14 54 0
14 56 0
14 58 0
14 60 0
14 62 0
14 64 0
14 66 0
14 68 0
14 70 0
14 72 0
14 74 0
14 76 0
14 78 0
14 80 0
14 82 0
15 1 0
15 3 0
15 5 0
15 7 0
15 9 0
15 11 0
15 13 0
15 16 0
15 18 0
15 20 0
15 22 0
15 24 0
15 26 0
15 28 0
15 30 0
15 32 0
15 34 0
15 36 0
15 38 0
15 40 0
15 42 0
15 44 0
15 46 0
15 48 0
15 50 0
15 52 0
15 54 0
15 56 0
15 58 0
15 60 0
15 62 1
15 64 0
15 66 0
15 68 0
15 70 0
15 72 0
15 74 0
15 76 0
15 78 0
15 80 0
15 82 0
16 1 0
16 3 0
16 5 0
16 7 0
16 9 0
16 11 0
16 13 0
16 15 0
16 18 0
16 20 0
16 22 0
16 24 0
16 26 0
16 28 0
16 30 0
16 32 0
16 34 0
16 36 0
16 38 0
16 40 0
16 42 1
16 44 0
16 46 0
16 48 0
16 50 0
16 52 0
16 54 0
16 56 0
16 58 0
16 60 0
16 62 0
16 64 0
16 66 0
16 68 0
16 70 0
16 72 0
16 74 0
16 76 0
16 78 0
16 80 0
16 82 0
17 1 1
17 3 0
17 5 0
17 7 0
17 9 0
17 11 0
17 13 0
17 15 0
17 18 0
17 20 0
17 22 0
17 24 0
17 26 0
17 28 0
17 30 0
17 32 0
17 34 0
17 36 0
17 38 0
17 40 0
17 42 0
17 44 0
17 46 0
17 48 0
17 50 0
17 52 0
17 54 0
17 56 0
17 58 0
17 60 0
17 62 0
17 64 0
17 66 0
17 68 0
17 70 0
17 72 0
17 74 0
17 76 0
17 78 0
17 80 0
17 82 0
18 1 1
18 3 0
18 5 0
18 7 0
18 9 0
18 11 0
18 13 0
18 15 0
18 17 0
18 20 0
18 22 0
18 24 0
18 26 0
18 28 0
18 30 0
18 32 0
18 34 0
18 36 0
18 38 0
18 40 0
18 42 0
18 44 0
18 46 0
18 48 0
18 50 0
18 52 0
18 54 0
18 56 0
18 58 0
18 60 0
18 62 0
18 64 0
18 66 0
18 68 0
18 70 0
18 72 0
18 74 1
18 76 0
18 78 0
18 80 0
18 82 0
19 1 0
19 3 1
19 5 0
19 7 0
19 9 0
19 11 0
19 13 0
19 15 0
19 17 0
19 20 0
19 22 0
19 24 0
19 26 0
19 28 0
19 30 0
19 32 0
19 34 0
19 36 0
19 38 0
19 40 0
19 42 0
19 44 0
19 46 0
19 48 0
19 50 0
19 52 0
19 54 0
19 56 0
19 58 0
19 60 0
19 62 0
19 64 0
19 66 0
19 68 0
19 70 0
19 72 0
19 74 1
19 76 0
19 78 0
19 80 0
19 82 0
20 1 0
20 3 0
20 5 0
20 7 0
20 9 0
20 11 0
20 13 0
20 15 0
20 17 0
20 19 0
20 22 0
20 24 0
20 26 0
20 28 0
20 30 0
20 32 0
20 34 0
20 36 1
20 38 0
20 40 0
20 42 0
20 44 0
20 46 0
20 48 0
20 50 0
20 52 0
20 54 0
20 56 0
20 58 0
20 60 0
20 62 0
20 64 0
20 66 0
20 68 0
20 70 0
20 72 0
20 74 0
20 76 0
20 78 0
20 80 0
20 82 0
21 1 1
21 3 0
21 5 0
21 7 0
21 9 0
21 11 0
21 13 0
21 15 0
21 17 0
21 19 0
21 22 0
21 24 0
21 26 0
21 28 0
21 30 0
21 32 0
21 34 0
21 36 1
21 38 0
21 40 0
21 42 0
21 44 0
21 46 0
21 48 0
21 50 0
21 52 0
21 54 0
21 56 0
21 58 1
21 60 1
21 62 0
21 64 0
21 66 0
21 68 0
21 70 0
21 72 0
21 74 0
21 76 0
21 78 0
21 80 0
21 82 0
22 1 1
22 3 0
22 5 0
22 7 0
22 9 0
22 11 0
22 13 0
22 15 0
22 17 0
22 19 0
22 21 0
22 24 0
22 26 0
22 28 0
22 30 0
22 32 0
22 34 0
22 36 1
22 38 0
22 40 0
22 42 0
22 44 0
22 46 0
22 48 0
22 50 0
22 52 0
22 54 0
22 56 0
22 58 0
22 60 0
22 62 0
22 64 0
22 66 0
22 68 0
22 70 0
22 72 0
22 74 0
22 76 0
22 78 0
22 80 0
22 82 0
23 1 0
23 3 1
23 5 1
23 7 0
23 9 0
23 11 0
23 13 0
23 15 0
23 17 0
23 19 0
23 21 0
23 24 0
23 26 0
23 28 0
23 30 0
23 32 0
23 34 0
23 36 0
23 38 0
23 40 0
23 42 0
23 44 0
23 46 0
23 48 0
23 50 0
23 52 0
23 54 0
23 56 0
23 58 0
23 60 0
23 62 0
23 64 0
23 66 0
23 68 0
23 70 0
23 72 0
23 74 0
23 76 0
23 78 0
23 80 0
23 82 0
24 1 0
24 3 1
24 5 0
24 7 0
24 9 0
24 11 0
24 13 0
24 15 0
24 17 0
24 19 0
24 21 0
24 23 0
24 26 0
24 28 0
24 30 0
24 32 0
24 34 0
24 36 0
24 38 0
24 40 0
24 42 0
24 44 0
24 46 0
24 48 0
24 50 0
24 52 0
24 54 0
24 56 0
24 58 0
24 60 0
24 62 0
24 64 0
24 66 0
24 68 0
24 70 0
24 72 0
24 74 0
24 76 0
24 78 0
24 80 0
24 82 0
25 1 1
25 3 0
25 5 1
25 7 0
25 9 0
25 11 0
25 13 0
25 15 0
25 17 0
25 19 0
25 21 0
25 23 0
25 26 0
25 28 0
25 30 0
25 32 0
25 34 0
25 36 0
25 38 0
25 40 0
25 42 0
25 44 0
25 46 0
25 48 0
25 50 0
25 52 0
25 54 0
25 56 0
25 58 0
25 60 0
25 62 0
25 64 0
25 66 0
25 68 0
25 70 0
25 72 0
25 74 1
25 76 0
25 78 0
25 80 0
25 82 0
26 1 1
26 3 0
26 5 1
26 7 0
26 9 0
26 11 0
26 13 0
26 15 0
26 17 0
26 19 0
26 21 0
26 23 0
26 25 0
26 28 0
26 30 0
26 32 0
26 34 1
26 36 0
26 38 0
26 40 0
26 42 0
26 44 0
26 46 0
26 48 0
26 50 0
26 52 0
26 54 0
26 56 0
26 58 0
26 60 0
26 62 0
26 64 0
26 66 0
26 68 0
26 70 0
26 72 0
26 74 0
26 76 0
26 78 0
26 80 0
26 82 0
27 1 0
27 3 0
27 5 1
27 7 0
27 9 0
27 11 0
27 13 0
27 15 0
27 17 0
27 19 0
27 21 0
27 23 0
27 25 0
27 28 0
27 30 0
27 32 0
27 34 0
27 36 0
27 38 0
27 40 0
27 42 0
27 44 0
27 46 0
27 48 0
27 50 0
27 52 0
27 54 0
27 56 0
27 58 0
27 60 0
27 62 0
27 64 0
27 66 1
27 68 0
27 70 0
27 72 0
27 74 0
27 76 0
27 78 0
27 80 0
27 82 0
28 1 0
28 3 0
28 5 0
28 7 0
28 9 0
28 11 0
28 13 0
28 15 0
28 17 0
28 19 0
28 21 0
28 23 0
28 25 0
28 27 0
28 30 0
28 32 0
28 34 0
28 36 0
28 38 0
28 40 0
28 42 0
28 44 0
28 46 0
28 48 0
28 50 0
28 52 0
28 54 0
28 56 0
28 58 0
28 60 0
28 62 0
28 64 0
28 66 0
28 68 0
28 70 0
28 72 0
28 74 0
28 76 0
28 78 0
28 80 0
28 82 0
29 1 0
29 3 0
29 5 0
29 7 0
29 9 0
29 11 0
29 13 0
29 15 0
29 17 0
29 19 0
29 21 0
29 23 1
29 25 0
29 27 0
29 30 0
29 32 0
29 34 0
29 36 0
29 38 0
29 40 0
29 42 0
29 44 0
29 46 0
29 48 0
29 50 0
29 52 0
29 54 0
29 56 0
29 58 0
29 60 0
29 62 0
29 64 0
29 66 0
29 68 0
29 70 0
29 72 0
29 74 0
29 76 0
29 78 0
29 80 0
29 82 0
30 1 0
30 3 0
30 5 0
30 7 0
30 9 0
30 11 0
30 13 0
30 15 0
30 17 0
30 19 0
30 21 0
30 23 0
30 25 0
30 27 0
30 29 0
30 32 0
30 34 0
30 36 0
30 38 0
30 40 0
30 42 0
30 44 0
30 46 0
30 48 0
30 50 0
30 52 0
30 54 0
30 56 0
30 58 0
30 60 0
30 62 0
30 64 0
30 66 0
30 68 0
30 70 0
30 72 0
30 74 0
30 76 0
30 78 0
30 80 0
30 82 0
31 1 0
31 3 0
31 5 0
31 7 0
31 9 0
31 11 0
31 13 0
31 15 0
31 17 0
31 19 0
31 21 0
31 23 0
31 25 0
31 27 0
31 29 0
31 32 0
31 34 0
31 36 0
31 38 0
31 40 0
31 42 0
31 44 0
31 46 0
31 48 0
31 50 0
31 52 0
31 54 0
31 56 0
31 58 0
31 60 0
31 62 0
31 64 0
31 66 0
31 68 0
31 70 0
31 72 0
31 74 0
31 76 0
31 78 0
31 80 0
31 82 0
32 1 0
32 3 0
32 5 0
32 7 0
32 9 0
32 11 0
32 13 0
32 15 0
32 17 0
32 19 0
32 21 0
32 23 0
32 25 0
32 27 0
32 29 0
32 31 0
32 34 0
32 36 0
32 38 0
32 40 0
32 42 0
32 44 0
32 46 0
32 48 0
32 50 0
32 52 0
32 54 0
32 56 0
32 58 0
32 60 0
32 62 0
32 64 0
32 66 0
32 68 0
32 70 0
32 72 0
32 74 0
32 76 0
32 78 0
32 80 0
32 82 0
33 1 0
33 3 0
33 5 0
33 7 0
33 9 0
33 11 0
33 13 0
33 15 0
33 17 0
33 19 0
33 21 0
33 23 0
33 25 0
33 27 0
33 29 0
33 31 0
33 34 0
33 36 0
33 38 0
33 40 0
33 42 0
33 44 0
33 46 0
33 48 0
33 50 0
33 52 0
33 54 0
33 56 0
33 58 0
33 60 0
33 62 0
33 64 0
33 66 0
33 68 0
33 70 0
33 72 0
33 74 0
33 76 0
33 78 0
33 80 0
33 82 0
34 1 0
34 3 1
34 5 0
34 7 0
34 9 0
34 11 0
34 13 0
34 15 0
34 17 0
34 19 0
34 21 0
34 23 0
34 25 0
34 27 0
34 29 0
34 31 0
34 33 0
34 36 0
34 38 0
34 40 0
34 42 0
34 44 0
34 46 0
34 48 0
34 50 0
34 52 0
34 54 0
34 56 0
34 58 0
34 60 0
34 62 0
34 64 0
34 66 0
34 68 0
34 70 0
34 72 0
34 74 1
34 76 0
34 78 0
34 80 0
34 82 0
35 1 0
35 3 0
35 5 0
35 7 0
35 9 0
35 11 0
35 13 0
35 15 0
35 17 0
35 19 0
35 21 0
35 23 0
35 25 0
35 27 0
35 29 0
35 31 0
35 33 0
35 36 0
35 38 0
35 40 0
35 42 0
35 44 0
35 46 0
35 48 0
35 50 0
35 52 0
35 54 0
35 56 0
35 58 0
35 60 0
35 62 0
35 64 0
35 66 0
35 68 0
35 70 0
35 72 0
35 74 0
35 76 0
35 78 0
35 80 0
35 82 0
36 1 0
36 3 0
36 5 0
36 7 0
36 9 0
36 11 0
36 13 0
36 15 0
36 17 0
36 19 0
36 21 0
36 23 0
36 25 0
36 27 0
36 29 0
36 31 0
36 33 0
36 35 1
36 38 0
36 40 0
36 42 0
36 44 0
36 46 0
36 48 0
36 50 0
36 52 0
36 54 0
36 56 0
36 58 0
36 60 0
36 62 0
36 64 0
36 66 0
36 68 0
36 70 0
36 72 0
36 74 0
36 76 0
36 78 0
36 80 0
36 82 0
37 1 0
37 3 0
37 5 0
37 7 0
37 9 0
37 11 0
37 13 0
37 15 0
37 17 0
37 19 0
37 21 0
37 23 0
37 25 0
37 27 0
37 29 0
37 31 0
37 33 0
37 35 0
37 38 0
37 40 0
37 42 0
37 44 0
37 46 0
37 48 0
37 50 0
37 52 0
37 54 0
37 56 0
37 58 0
37 60 0
37 62 0
37 64 0
37 66 0
37 68 0
37 70 0
37 72 0
37 74 0
37 76 0
37 78 0
37 80 0
37 82 0
38 1 0
38 3 0
38 5 1
38 7 0
38 9 0
38 11 0
38 13 0
38 15 0
38 17 0
38 19 0
38 21 0
38 23 0
38 25 0
38 27 0
38 29 0
38 31 0
38 33 0
38 35 0
38 37 0
38 40 0
38 42 0
38 44 0
38 46 0
38 48 0
38 50 0
38 52 0
38 54 0
38 56 0
38 58 0
38 60 0
38 62 0
38 64 0
38 66 0
38 68 0
38 70 0
38 72 0
38 74 0
38 76 0
38 78 0
38 80 0
38 82 0
39 1 0
39 3 0
39 5 0
39 7 0
39 9 0
39 11 0
39 13 0
39 15 0
39 17 0
39 19 0
39 21 0
39 23 0
39 25 0
39 27 0
39 29 0
39 31 0
39 33 0
39 35 0
39 37 0
39 40 0
39 42 0
39 44 0
39 46 0
39 48 0
39 50 0
39 52 0
39 54 0
39 56 0
39 58 0
39 60 0
39 62 0
39 64 0
39 66 0
39 68 0
39 70 1
39 72 0
39 74 0
39 76 0
39 78 0
39 80 0
39 82 0
40 1 0
40 3 0
40 5 0
40 7 0
40 9 0
40 11 0
40 13 0
40 15 0
40 17 0
40 19 0
40 21 0
40 23 0
40 25 0
40 27 0
40 29 0
40 31 0
40 33 0
40 35 0
40 37 0
40 39 0
40 42 0
40 44 0
40 46 0
40 48 0
40 50 0
40 52 0
40 54 0
40 56 0
40 58 0
40 60 0
40 62 0
40 64 0
40 66 0
40 68 0
40 70 0
40 72 0
40 74 0
40 76 0
40 78 0
40 80 1
40 82 0
41 1 0
41 3 0
41 5 0
41 7 0
41 9 0
41 11 0
41 13 0
41 15 0
41 17 0
41 19 0
41 21 0
41 23 0
41 25 0
41 27 0
41 29 0
41 31 0
41 33 0
41 35 0
41 37 0
41 39 0
41 42 0
41 44 0
41 46 0
41 48 0
41 50 0
41 52 0
41 54 0
41 56 0
41 58 0
41 60 0
41 62 0
41 64 0
41 66 0
41 68 0
41 70 0
41 72 0
41 74 0
41 76 0
41 78 0
41 80 0
41 82 0
42 1 0
42 3 0
42 5 0
42 7 0
42 9 0
42 11 0
42 13 0
42 15 0
42 17 0
42 19 0
42 21 0
42 23 0
42 25 0
42 27 0
42 29 0
42 31 0
42 33 0
42 35 0
42 37 0
42 39 0
42 41 0
42 44 0
42 46 0
42 48 0
42 50 0
42 52 0
42 54 0
42 56 0
42 58 0
42 60 0
42 62 0
42 64 0
42 66 0
42 68 0
42 70 0
42 72 0
42 74 0
42 76 0
42 78 0
42 80 0
42 82 0
43 1 1
43 3 0
43 5 0
43 7 0
43 9 0
43 11 0
43 13 0
43 15 0
43 17 0
43 19 0
43 21 0
43 23 0
43 25 0
43 27 0
43 29 0
43 31 0
43 33 0
43 35 0
43 37 0
43 39 0
43 41 0
43 44 0
43 46 0
43 48 0
43 50 0
43 52 0
43 54 0
43 56 0
43 58 0
43 60 0
43 62 0
43 64 0
43 66 0
43 68 0
43 70 0
43 72 0
43 74 0
43 76 0
43 78 0
43 80 0
43 82 0
44 1 0
44 3 0
44 5 0
44 7 0
44 9 0
44 11 0
44 13 0
44 15 0
44 17 0
44 19 0
44 21 0
44 23 0
44 25 0
44 27 0
44 29 0
44 31 0
44 33 0
44 35 0
44 37 0
44 39 0
44 41 0
44 43 0
44 46 0
44 48 0
44 50 0
44 52 0
44 54 0
44 56 0
44 58 0
44 60 0
44 62 0
44 64 0
44 66 0
44 68 0
44 70 0
44 72 0
44 74 1
44 76 0
44 78 0
44 80 0
44 82 0
45 1 0
45 3 0
45 5 0
45 7 0
45 9 0
45 11 0
45 13 0
45 15 0
45 17 0
45 19 0
45 21 0
45 23 0
45 25 0
45 27 0
45 29 0
45 31 0
45 33 0
45 35 0
45 37 0
45 39 0
45 41 0
45 43 0
45 46 0
45 48 0
45 50 0
45 52 0
45 54 0
45 56 0
45 58 0
45 60 0
45 62 0
45 64 0
45 66 0
45 68 0
45 70 0
45 72 0
45 74 0
45 76 0
45 78 0
45 80 0
45 82 0
46 1 0
46 3 0
46 5 0
46 7 0
46 9 0
46 11 0
46 13 0
46 15 0
46 17 0
46 19 0
46 21 0
46 23 0
46 25 0
46 27 0
46 29 0
46 31 0
46 33 0
46 35 0
46 37 0
46 39 0
46 41 0
46 43 0
46 45 1
46 48 0
46 50 0
46 52 0
46 54 0
46 56 0
46 58 0
46 60 0
46 62 0
46 64 0
46 66 0
46 68 0
46 70 0
46 72 0
46 74 0
46 76 0
46 78 0
46 80 0
46 82 0
47 1 0
47 3 0
47 5 0
47 7 0
47 9 0
47 11 0
47 13 0
47 15 0
47 17 0
47 19 0
47 21 0
47 23 0
47 25 0
47 27 0
47 29 0
47 31 0
47 33 0
47 35 0
47 37 0
47 39 0
47 41 0
47 43 0
47 45 0
47 48 0
47 50 0
47 52 0
47 54 0
47 56 0
47 58 0
47 60 0
47 62 0
47 64 0
47 66 0
47 68 0
47 70 0
47 72 0
47 74 0
47 76 0
47 78 0
47 80 0
47 82 0
48 1 0
48 3 0
48 5 0
48 7 0
48 9 0
48 11 0
48 13 0
48 15 0
48 17 0
48 19 0
48 21 0
48 23 0
48 25 0
48 27 0
48 29 0
48 31 0
48 33 0
48 35 0
48 37 0
48 39 1
48 41 1
48 43 0
48 45 0
48 47 0
48 50 0
48 52 0
48 54 0
48 56 0
48 58 0
48 60 0
48 62 0
48 64 0
48 66 0
48 68 0
48 70 0
48 72 0
48 74 0
48 76 0
48 78 0
48 80 0
48 82 0
49 1 0
49 3 0
49 5 0
49 7 0
49 9 0
49 11 0
49 13 0
49 15 0
49 17 0
49 19 0
49 21 0
49 23 0
49 25 0
49 27 0
49 29 0
49 31 0
49 33 0
49 35 0
49 37 0
49 39 0
49 41 0
49 43 0
49 45 0
49 47 0
49 50 0
49 52 0
49 54 0
49 56 0
49 58 0
49 60 0
49 62 0
49 64 0
49 66 0
49 68 1
49 70 0
49 72 0
49 74 0
49 76 0
49 78 0
49 80 0
49 82 0
50 1 0
50 3 0
50 5 0
50 7 0
50 9 0
50 11 0
50 13 0
50 15 0
50 17 0
50 19 0
50 21 0
50 23 0
50 25 0
50 27 0
50 29 0
50 31 0
50 33 0
50 35 0
50 37 0
50 39 0
50 41 0
50 43 0
50 45 0
50 47 0
50 49 0
50 52 0
50 54 0
50 56 0
50 58 0
50 60 0
50 62 0
50 64 0
50 66 0
50 68 0
50 70 0
50 72 0
50 74 0
50 76 1
50 78 0
50 80 0
50 82 0
51 1 0
51 3 0
51 5 0
51 7 0
51 9 0
51 11 0
51 13 0
51 15 0
51 17 0
51 19 0
51 21 0
51 23 0
51 25 0
51 27 0
51 29 0
51 31 0
51 33 0
51 35 0
51 37 0
51 39 0
51 41 0
51 43 0
51 45 0
51 47 0
51 49 1
51 52 0
51 54 0
51 56 0
51 58 0
51 60 0
51 62 0
51 64 0
51 66 0
51 68 0
51 70 0
51 72 0
51 74 0
51 76 0
51 78 0
51 80 0
51 82 0
52 1 0
52 3 0
52 5 0
52 7 0
52 9 0
52 11 0
52 13 0
52 15 0
52 17 0
52 19 0
52 21 0
52 23 0
52 25 0
52 27 0
52 29 0
52 31 0
52 33 0
52 35 0
52 37 0
52 39 0
52 41 0
52 43 0
52 45 0
52 47 0
52 49 1
52 51 0
52 54 0
52 56 0
52 58 0
52 60 0
52 62 0
52 64 0
52 66 0
52 68 0
52 70 0
52 72 0
52 74 0
52 76 0
52 78 0
52 80 0
52 82 0
53 1 0
53 3 0
53 5 0
53 7 0
53 9 0
53 11 0
53 13 0
53 15 0
53 17 0
53 19 0
53 21 0
53 23 0
53 25 0
53 27 0
53 29 0
53 31 0
53 33 0
53 35 0
53 37 0
53 39 0
53 41 0
53 43 0
53 45 0
53 47 0
53 49 1
53 51 0
53 54 0
53 56 0
53 58 0
53 60 0
53 62 0
53 64 0
53 66 0
53 68 0
53 70 0
53 72 0
53 74 0
53 76 0
53 78 0
53 80 0
53 82 0
54 1 0
54 3 0
54 5 0
54 7 0
54 9 0
54 11 0
54 13 0
54 15 0
54 17 0
54 19 0
54 21 0
54 23 0
54 25 0
54 27 0
54 29 0
54 31 0
54 33 0
54 35 0
54 37 0
54 39 0
54 41 0
54 43 0
54 45 0
54 47 0
54 49 0
54 51 0
54 53 0
54 56 0
54 58 0
54 60 0
54 62 0
54 64 0
54 66 0
54 68 0
54 70 0
54 72 0
54 74 0
54 76 0
54 78 0
54 80 0
54 82 0
55 1 0
55 3 0
55 5 0
55 7 0
55 9 0
55 11 0
55 13 0
55 15 0
55 17 0
55 19 0
55 21 0
55 23 0
55 25 0
55 27 0
55 29 0
55 31 0
55 33 0
55 35 0
55 37 0
55 39 0
55 41 0
55 43 0
55 45 0
55 47 0
55 49 0
55 51 0
55 53 0
55 56 0
55 58 0
55 60 0
55 62 0
55 64 0
55 66 0
55 68 0
55 70 0
55 72 0
55 74 0
55 76 0
55 78 0
55 80 0
55 82 0
56 1 0
56 3 0
56 5 0
56 7 0
56 9 0
56 11 0
56 13 0
56 15 0
56 17 0
56 19 0
56 21 0
56 23 0
56 25 0
56 27 0
56 29 0
56 31 0
56 33 0
56 35 0
56 37 0
56 39 0
56 41 0
56 43 0
56 45 0
56 47 0
56 49 0
56 51 0
56 53 0
56 55 0
56 58 0
56 60 0
56 62 0
56 64 0
56 66 0
56 68 0
56 70 0
56 72 0
56 74 0
56 76 0
56 78 0
56 80 0
56 82 0
57 1 0
57 3 0
57 5 0
57 7 0
57 9 0
57 11 0
57 13 0
57 15 0
57 17 0
57 19 0
57 21 0
57 23 0
57 25 0
57 27 0
57 29 0
57 31 0
57 33 0
57 35 0
57 37 0
57 39 0
57 41 0
57 43 0
57 45 0
57 47 0
57 49 0
57 51 0
57 53 0
57 55 0
57 58 0
57 60 0
57 62 1
57 64 0
57 66 0
57 68 0
57 70 0
57 72 0
57 74 0
57 76 0
57 78 0
57 80 0
57 82 0
58 1 0
58 3 0
58 5 0
58 7 0
58 9 0
58 11 0
58 13 0
58 15 0
58 17 0
58 19 0
58 21 0
58 23 0
58 25 0
58 27 0
58 29 0
58 31 0
58 33 0
58 35 0
58 37 0
58 39 0
58 41 0
58 43 0
58 45 0
58 47 0
58 49 0
58 51 0
58 53 0
58 55 0
58 57 0
58 60 1
58 62 0
58 64 0
58 66 0
58 68 0
58 70 0
58 72 1
58 74 0
58 76 0
58 78 0
58 80 0
58 82 0
59 1 0
59 3 0
59 5 0
59 7 0
59 9 0
59 11 0
59 13 0
59 15 0
59 17 0
59 19 0
59 21 0
59 23 0
59 25 0
59 27 0
59 29 0
59 31 0
59 33 0
59 35 0
59 37 0
59 39 0
59 41 0
59 43 0
59 45 0
59 47 0
59 49 0
59 51 0
59 53 0
59 55 0
59 57 0
59 60 0
59 62 0
59 64 0
59 66 0
59 68 0
59 70 0
59 72 0
59 74 0
59 76 0
59 78 0
59 80 0
59 82 0
60 1 0
60 3 0
60 5 0
60 7 0
60 9 0
60 11 0
60 13 0
60 15 0
60 17 0
60 19 0
60 21 0
60 23 0
60 25 0
60 27 0
60 29 0
60 31 0
60 33 0
60 35 0
60 37 0
60 39 0
60 41 0
60 43 0
60 45 0
60 47 0
60 49 0
60 51 0
60 53 0
60 55 0
60 57 0
60 59 0
60 62 0
60 64 0
60 66 0
60 68 0
60 70 0
60 72 1
60 74 0
60 76 0
60 78 0
60 80 0
60 82 0
61 1 0
61 3 0
61 5 0
61 7 0
61 9 0
61 11 0
61 13 0
61 15 0
61 17 0
61 19 0
61 21 0
61 23 0
61 25 0
61 27 0
61 29 0
61 31 0
61 33 0
61 35 0
61 37 0
61 39 0
61 41 0
61 43 0
61 45 0
61 47 0
61 49 0
61 51 0
61 53 0
61 55 0
61 57 0
61 59 0
61 62 0
61 64 0
61 66 0
61 68 0
61 70 0
61 72 0
61 74 0
61 76 0
61 78 1
61 80 0
61 82 0
62 1 1
62 3 0
62 5 0
62 7 0
62 9 0
62 11 0
62 13 0
62 15 0
62 17 0
62 19 0
62 21 0
62 23 0
62 25 0
62 27 0
62 29 0
62 31 0
62 33 0
62 35 1
62 37 0
62 39 0
62 41 0
62 43 0
62 45 0
62 47 0
62 49 0
62 51 0
62 53 0
62 55 0
62 57 0
62 59 0
62 61 0
62 64 1
62 66 0
62 68 0
62 70 0
62 72 0
62 74 0
62 76 0
62 78 0
62 80 0
62 82 0
63 1 0
63 3 0
63 5 0
63 7 0
63 9 0
63 11 0
63 13 0
63 15 0
63 17 0
63 19 0
63 21 0
63 23 0
63 25 0
63 27 0
63 29 0
63 31 0
63 33 0
63 35 0
63 37 0
63 39 0
63 41 0
63 43 0
63 45 0
63 47 0
63 49 0
63 51 0
63 53 0
63 55 0
63 57 0
63 59 0
63 61 0
63 64 0
63 66 0
63 68 0
63 70 0
63 72 0
63 74 0
63 76 0
63 78 0
63 80 0
63 82 0
64 1 0
64 3 0
64 5 0
64 7 0
64 9 0
64 11 0
64 13 0
64 15 0
64 17 0
64 19 0
64 21 0
64 23 0
64 25 0
64 27 0
64 29 0
64 31 0
64 33 0
64 35 0
64 37 0
64 39 0
64 41 0
64 43 0
64 45 0
64 47 0
64 49 0
64 51 0
64 53 0
64 55 0
64 57 0
64 59 0
64 61 0
64 63 0
64 66 0
64 68 0
64 70 0
64 72 0
64 74 0
64 76 0
64 78 0
64 80 0
64 82 0
65 1 0
65 3 0
65 5 0
65 7 0
65 9 0
65 11 0
65 13 0
65 15 0
65 17 0
65 19 0
65 21 0
65 23 0
65 25 0
65 27 0
65 29 0
65 31 0
65 33 0
65 35 0
65 37 0
65 39 0
65 41 0
65 43 0
65 45 0
65 47 0
65 49 0
65 51 0
65 53 0
65 55 0
65 57 0
65 59 0
65 61 0
65 63 0
65 66 0
65 68 0
65 70 0
65 72 0
65 74 0
65 76 0
65 78 0
65 80 0
65 82 0
66 1 0
66 3 0
66 5 0
66 7 0
66 9 0
66 11 0
66 13 0
66 15 0
66 17 0
66 19 0
66 21 0
66 23 0
66 25 0
66 27 0
66 29 0
66 31 0
66 33 0
66 35 0
66 37 0
66 39 0
66 41 0
66 43 0
66 45 0
66 47 0
66 49 0
66 51 0
66 53 0
66 55 0
66 57 0
66 59 0
66 61 0
66 63 0
66 65 0
66 68 0
66 70 0
66 72 0
66 74 0
66 76 0
66 78 0
66 80 0
66 82 0
67 1 0
67 3 0
67 5 0
67 7 0
67 9 0
67 11 0
67 13 0
67 15 0
67 17 0
67 19 0
67 21 0
67 23 0
67 25 0
67 27 0
67 29 0
67 31 0
67 33 0
67 35 0
67 37 0
67 39 0
67 41 0
67 43 0
67 45 0
67 47 0
67 49 0
67 51 0
67 53 0
67 55 0
67 57 0
67 59 0
67 61 0
67 63 0
67 65 0
67 68 0
67 70 0
67 72 0
67 74 0
67 76 0
67 78 0
67 80 0
67 82 0
68 1 0
68 3 0
68 5 0
68 7 0
68 9 0
68 11 0
68 13 0
68 15 0
68 17 0
68 19 0
68 21 0
68 23 0
68 25 0
68 27 0
68 29 0
68 31 0
68 33 1
68 35 0
68 37 0
68 39 0
68 41 0
68 43 0
68 45 0
68 47 0
68 49 0
68 51 0
68 53 0
68 55 0
68 57 0
68 59 0
68 61 0
68 63 0
68 65 0
68 67 0
68 70 0
68 72 0
68 74 0
68 76 0
68 78 0
68 80 1
68 82 0
69 1 0
69 3 0
69 5 0
69 7 0
69 9 0
69 11 0
69 13 0
69 15 0
69 17 0
69 19 0
69 21 0
69 23 0
69 25 0
69 27 0
69 29 0
69 31 0
69 33 0
69 35 0
69 37 0
69 39 0
69 41 0
69 43 0
69 45 0
69 47 0
69 49 0
69 51 0
69 53 0
69 55 0
69 57 0
69 59 0
69 61 0
69 63 0
69 65 0
69 67 0
69 70 0
69 72 0
69 74 0
69 76 0
69 78 0
69 80 0
69 82 0
70 1 0
70 3 0
70 5 0
70 7 0
70 9 0
70 11 0
70 13 0
70 15 0
70 17 0
70 19 0
70 21 0
70 23 0
70 25 0
70 27 0
70 29 0
70 31 0
70 33 0
70 35 0
70 37 1
70 39 0
70 41 0
70 43 0
70 45 0
70 47 0
70 49 0
70 51 0
70 53 0
70 55 0
70 57 0
70 59 0
70 61 0
70 63 0
70 65 0
70 67 0
70 69 0
70 72 0
70 74 0
70 76 0
70 78 0
70 80 0
70 82 0
71 1 0
71 3 0
71 5 0
71 7 0
71 9 0
71 11 0
71 13 0
71 15 0
71 17 0
71 19 0
71 21 0
71 23 0
71 25 0
71 27 0
71 29 0
71 31 0
71 33 0
71 35 0
71 37 0
71 39 0
71 41 0
71 43 0
71 45 0
71 47 0
71 49 0
71 51 0
71 53 0
71 55 0
71 57 0
71 59 0
71 61 0
71 63 0
71 65 0
71 67 0
71 69 0
71 72 0
71 74 0
71 76 0
71 78 0
71 80 0
71 82 0
72 1 0
72 3 0
72 5 0
72 7 0
72 9 0
72 11 0
72 13 0
72 15 0
72 17 0
72 19 0
72 21 0
72 23 0
72 25 0
72 27 0
72 29 0
72 31 0
72 33 0
72 35 0
72 37 0
72 39 0
72 41 0
72 43 0
72 45 0
72 47 0
72 49 0
72 51 0
72 53 0
72 55 0
72 57 0
72 59 0
72 61 0
72 63 0
72 65 0
72 67 0
72 69 0
72 71 0
72 74 0
72 76 0
72 78 0
72 80 0
72 82 0
73 1 0
73 3 0
73 5 0
73 7 0
73 9 0
73 11 0
73 13 0
73 15 0
73 17 0
73 19 0
73 21 0
73 23 0
73 25 0
73 27 0
73 29 0
73 31 0
73 33 0
73 35 0
73 37 0
73 39 0
73 41 0
73 43 0
73 45 0
73 47 0
73 49 0
73 51 0
73 53 0
73 55 0
73 57 0
73 59 0
73 61 0
73 63 0
73 65 0
73 67 0
73 69 0
73 71 0
73 74 0
73 76 0
73 78 0
73 80 0
73 82 0
74 1 0
74 3 0
74 5 0
74 7 0
74 9 0
74 11 0
74 13 0
74 15 0
74 17 0
74 19 0
74 21 0
74 23 0
74 25 0
74 27 0
74 29 0
74 31 0
74 33 0
74 35 0
74 37 0
74 39 0
74 41 0
74 43 0
74 45 0
74 47 0
74 49 0
74 51 0
74 53 0
74 55 0
74 57 0
74 59 0
74 61 0
74 63 0
74 65 0
74 67 0
74 69 0
74 71 0
74 73 0
74 76 0
74 78 0
74 80 0
74 82 0
75 1 0
75 3 0
75 5 0
75 7 0
75 9 0
75 11 0
75 13 0
75 15 0
75 17 0
75 19 0
75 21 0
75 23 0
75 25 0
75 27 0
75 29 0
75 31 0
75 33 0
75 35 1
75 37 0
75 39 0
75 41 0
75 43 0
75 45 0
75 47 0
75 49 0
75 51 0
75 53 0
75 55 0
75 57 0
75 59 0
75 61 0
75 63 0
75 65 0
75 67 0
75 69 0
75 71 0
75 73 0
75 76 0
75 78 0
75 80 0
75 82 0
76 1 0
76 3 0
76 5 0
76 7 0
76 9 0
76 11 0
76 13 0
76 15 0
76 17 0
76 19 0
76 21 0
76 23 0
76 25 0
76 27 0
76 29 0
76 31 0
76 33 0
76 35 0
76 37 0
76 39 0
76 41 0
76 43 0
76 45 0
76 47 0
76 49 0
76 51 0
76 53 0
76 55 0
76 57 0
76 59 0
76 61 0
76 63 0
76 65 0
76 67 0
76 69 0
76 71 0
76 73 0
76 75 0
76 78 0
76 80 0
76 82 0
77 1 0
77 3 0
77 5 0
77 7 0
77 9 0
77 11 0
77 13 0
77 15 0
77 17 0
77 19 0
77 21 0
77 23 0
77 25 0
77 27 0
77 29 0
77 31 0
77 33 1
77 35 0
77 37 0
77 39 0
77 41 0
77 43 0
77 45 0
77 47 0
77 49 0
77 51 0
77 53 0
77 55 0
77 57 0
77 59 0
77 61 0
77 63 0
77 65 0
77 67 0
77 69 0
77 71 0
77 73 0
77 75 0
77 78 0
77 80 1
77 82 0
78 1 0
78 3 0
78 5 0
78 7 0
78 9 0
78 11 0
78 13 0
78 15 0
78 17 0
78 19 0
78 21 0
78 23 0
78 25 0
78 27 0
78 29 0
78 31 0
78 33 0
78 35 0
78 37 0
78 39 0
78 41 0
78 43 0
78 45 0
78 47 0
78 49 0
78 51 0
78 53 0
78 55 0
78 57 0
78 59 0
78 61 0
78 63 0
78 65 0
78 67 0
78 69 0
78 71 0
78 73 0
78 75 0
78 77 0
78 80 0
78 82 0
79 1 0
79 3 0
79 5 0
79 7 0
79 9 0
79 11 0
79 13 0
79 15 0
79 17 0
79 19 0
79 21 0
79 23 0
79 25 0
79 27 0
79 29 0
79 31 0
79 33 0
79 35 0
79 37 0
79 39 0
79 41 0
79 43 0
79 45 0
79 47 0
79 49 0
79 51 0
79 53 0
79 55 0
79 57 0
79 59 0
79 61 0
79 63 0
79 65 0
79 67 0
79 69 0
79 71 0
79 73 0
79 75 0
79 77 0
79 80 0
79 82 1
80 1 0
80 3 0
80 5 0
80 7 0
80 9 0
80 11 0
80 13 0
80 15 0
80 17 0
80 19 0
80 21 0
80 23 0
80 25 0
80 27 0
80 29 0
80 31 0
80 33 0
80 35 0
80 37 0
80 39 0
80 41 0
80 43 0
80 45 0
80 47 0
80 49 0
80 51 0
80 53 0
80 55 0
80 57 0
80 59 0
80 61 0
80 63 0
80 65 0
80 67 0
80 69 0
80 71 0
80 73 0
80 75 0
80 77 0
80 79 0
80 82 0
81 1 0
81 3 0
81 5 0
81 7 0
81 9 0
81 11 0
81 13 0
81 15 0
81 17 0
81 19 0
81 21 0
81 23 0
81 25 0
81 27 0
81 29 0
81 31 0
81 33 0
81 35 0
81 37 0
81 39 0
81 41 0
81 43 0
81 45 0
81 47 0
81 49 0
81 51 0
81 53 0
81 55 0
81 57 0
81 59 0
81 61 0
81 63 0
81 65 0
81 67 0
81 69 0
81 71 0
81 73 0
81 75 0
81 77 0
81 79 0
81 82 0
82 1 0
82 3 0
82 5 0
82 7 0
82 9 0
82 11 0
82 13 0
82 15 0
82 17 0
82 19 0
82 21 0
82 23 0
82 25 0
82 27 0
82 29 0
82 31 0
82 33 0
82 35 0
82 37 0
82 39 0
82 41 0
82 43 0
82 45 0
82 47 0
82 49 0
82 51 0
82 53 0
82 55 0
82 57 0
82 59 0
82 61 0
82 63 0
82 65 0
82 67 0
82 69 0
82 71 0
82 73 0
82 75 0
82 77 0
82 79 0
82 81 0
83 1 0
83 3 0
83 5 0
83 7 0
83 9 0
83 11 0
83 13 0
83 15 0
83 17 0
83 19 0
83 21 0
83 23 0
83 25 0
83 27 0
83 29 0
83 31 0
83 33 0
83 35 0
83 37 0
83 39 0
83 41 0
83 43 0
83 45 0
83 47 0
83 49 0
83 51 0
83 53 0
83 55 0
83 57 0
83 59 0
83 61 0
83 63 0
83 65 0
83 67 0
83 69 0
83 71 0
83 73 0
83 75 0
83 77 0
83 79 0
83 81 0
1 3 0
1 7 0
1 11 0
1 15 0
1 19 0
1 23 0
1 27 0
1 31 0
1 35 0
1 39 0
1 43 0
1 47 0
1 51 0
1 55 0
1 59 0
1 63 0
1 67 0
1 71 0
1 75 0
1 79 0
1 83 0
2 5 0
2 9 0
2 13 0
2 17 0
2 21 0
2 25 0
2 29 0
2 33 0
2 37 0
2 41 0
2 45 0
2 49 0
2 53 0
2 57 0
2 61 0
2 65 0
2 69 0
2 73 0
2 77 0
2 81 0
3 2 1
3 7 0
3 11 0
3 15 0
3 19 0
3 23 0
3 27 0
3 31 0
3 35 0
3 39 0
3 43 0
3 47 0
3 51 0
3 55 0
3 59 0
3 63 0
3 67 0
3 71 0
3 75 0
3 79 0
3 83 0
4 5 0
4 9 0
4 13 0
4 17 0
4 21 0
4 25 0
4 29 0
4 33 0
4 37 0
4 41 0
4 45 0
4 49 0
4 53 0
4 57 0
4 61 0
4 65 0
4 69 0
4 73 0
4 77 0
4 81 0
5 2 0
5 7 0
5 11 0
5 15 0
5 19 0
5 23 0
5 27 0
5 31 0
5 35 1
5 39 0
5 43 0
5 47 0
5 51 0
5 55 0
5 59 0
5 63 0
5 67 0
5 71 0
5 75 0
5 79 0
5 83 0
6 4 0
6 9 0
6 13 0
6 17 0
6 21 0
6 25 0
6 29 0
6 33 0
6 37 0
6 41 0
6 45 0
6 49 0
6 53 0
6 57 0
6 61 0
6 65 0
6 69 0
6 73 0
6 77 0
6 81 0
7 2 0
7 6 0
7 11 0
7 15 0
7 19 0
7 23 0
7 27 0
7 31 0
7 35 0
7 39 0
7 43 0
7 47 0
7 51 0
7 55 0
7 59 0
7 63 0
7 67 0
7 71 0
7 75 0
7 79 0
7 83 0
8 4 0
8 9 0
8 13 0
8 17 0
8 21 0
8 25 0
8 29 0
8 33 0
8 37 0
8 41 0
8 45 0
8 49 0
8 53 0
8 57 0
8 61 0
8 65 0
8 69 0
8 73 0
8 77 0
8 81 0
9 2 0
9 6 0
9 11 0
9 15 0
9 19 0
9 23 0
9 27 0
9 31 0
9 35 0
9 39 0
9 43 0
9 47 0
9 51 0
9 55 0
9 59 0
9 63 0
9 67 1
9 71 0
9 75 0
9 79 0
9 83 0
10 4 0
10 8 0
10 13 0
10 17 0
10 21 0
10 25 0
10 29 0
10 33 0
10 37 0
10 41 0
10 45 0
10 49 0
10 53 0
10 57 0
10 61 0
10 65 0
10 69 0
10 73 0
10 77 0
10 81 0
11 2 0
11 6 0
11 10 0
11 15 0
11 19 0
11 23 0
11 27 0
11 31 0
11 35 0
11 39 0
11 43 0
11 47 0
11 51 0
11 55 0
11 59 0
11 63 0
11 67 1
11 71 0
11 75 0
11 79 0
11 83 0
12 4 0
12 8 0
12 13 0
12 17 0
12 21 0
12 25 0
12 29 0
12 33 0
12 37 1
12 41 0
12 45 0
12 49 0
12 53 0
12 57 0
12 61 0
12 65 0
12 69 0
12 73 0
12 77 0
12 81 0
13 2 0
13 6 0
13 10 0
13 15 0
13 19 0
13 23 0
13 27 0
13 31 0
13 35 0
13 39 0
13 43 0
13 47 0
13 51 0
13 55 0
13 59 0
13 63 0
13 67 0
13 71 0
13 75 0
13 79 0
13 83 0
14 4 0
14 8 0
14 12 0
14 17 0
14 21 0
14 25 0
14 29 0
14 33 0
14 37 0
14 41 1
14 45 0
14 49 0
14 53 0
14 57 0
14 61 0
14 65 0
14 69 0
14 73 0
14 77 0
14 81 0
15 2 0
15 6 0
15 10 0
15 14 0
15 19 0
15 23 0
15 27 0
15 31 0
15 35 0
15 39 0
15 43 0
15 47 0
15 51 0
15 55 0
15 59 0
15 63 0
15 67 0
15 71 0
15 75 0
15 79 0
15 83 0
16 4 0
16 8 0
16 12 0
16 17 0
16 21 0
16 25 0
16 29 0
16 33 0
16 37 0
16 41 0
16 45 0
16 49 0
16 53 0
16 57 0
16 61 0
16 65 0
16 69 0
16 73 0
16 77 0
16 81 0
17 2 0
17 6 0
17 10 0
17 14 0
17 19 0
17 23 0
17 27 0
17 31 0
17 35 0
17 39 0
17 43 0
17 47 0
17 51 0
17 55 0
17 59 0
17 63 0
17 67 0
17 71 0
17 75 0
17 79 0
17 83 0
18 4 0
18 8 0
18 12 0
18 16 0
18 21 0
18 25 0
18 29 0
18 33 0
18 37 0
18 41 0
18 45 0
18 49 0
18 53 0
18 57 0
18 61 0
18 65 0
18 69 0
18 73 0
18 77 0
18 81 0
19 2 0
19 6 0
19 10 0
19 14 0
19 18 0
19 23 0
19 27 0
19 31 0
19 35 0
19 39 0
19 43 0
19 47 0
19 51 0
19 55 0
19 59 0
19 63 0
19 67 0
19 71 0
19 75 0
19 79 0
19 83 0
20 4 1
20 8 0
20 12 0
20 16 0
20 21 0
20 25 0
20 29 0
20 33 0
20 37 0
20 41 0
20 45 0
20 49 0
20 53 0
20 57 0
20 61 1
20 65 0
20 69 0
20 73 0
20 77 0
20 81 0
21 2 0
21 6 0
21 10 0
21 14 0
21 18 0
21 23 0
21 27 0
21 31 0
21 35 0
21 39 0
21 43 0
21 47 0
21 51 0
21 55 0
21 59 0
21 63 0
21 67 0
21 71 0
21 75 0
21 79 0
21 83 0
22 4 0
22 8 0
22 12 0
22 16 0
22 20 0
22 25 0
22 29 0
22 33 0
22 37 0
22 41 0
22 45 0
22 49 0
22 53 0
22 57 0
22 61 1
22 65 0
22 69 0
22 73 0
22 77 0
22 81 0
23 2 0
23 6 0
23 10 0
23 14 0
23 18 0
23 22 0
23 27 0
23 31 0
23 35 0
23 39 0
23 43 0
23 47 0
23 51 0
23 55 0
23 59 0
23 63 0
23 67 0
23 71 0
23 75 0
23 79 0
23 83 0
24 4 0
24 8 0
24 12 0
24 16 0
24 20 0
24 25 0
24 29 0
24 33 0
24 37 0
24 41 0
24 45 0
24 49 0
24 53 0
24 57 0
24 61 0
24 65 0
24 69 0
24 73 1
24 77 0
24 81 0
25 2 0
25 6 0
25 10 0
25 14 0
25 18 0
25 22 0
25 27 0
25 31 0
25 35 0
25 39 0
25 43 0
25 47 0
25 51 0
25 55 0
25 59 0
25 63 0
25 67 0
25 71 0
25 75 0
25 79 0
25 83 0
26 4 0
26 8 0
26 12 0
26 16 0
26 20 0
26 24 0
26 29 0
26 33 0
26 37 0
26 41 0
26 45 0
26 49 0
26 53 0
26 57 0
26 61 0
26 65 0
26 69 0
26 73 0
26 77 0
26 81 0
27 2 0
27 6 0
27 10 0
27 14 0
27 18 0
27 22 0
27 26 0
27 31 0
27 35 0
27 39 0
27 43 0
27 47 0
27 51 0
27 55 0
27 59 0
27 63 0
27 67 1
27 71 0
27 75 0
27 79 0
27 83 0
28 4 1
28 8 0
28 12 0
28 16 0
28 20 0
28 24 0
28 29 0
28 33 0
28 37 0
28 41 0
28 45 0
28 49 0
28 53 0
28 57 0
28 61 0
28 65 0
28 69 0
28 73 0
28 77 0
28 81 0
29 2 0
29 6 0
29 10 0
29 14 0
29 18 0
29 22 0
29 26 0
29 31 0
29 35 0
29 39 0
29 43 0
29 47 0
29 51 0
29 55 0
29 59 0
29 63 0
29 67 0
29 71 0
29 75 0
29 79 0
29 83 0
30 4 1
30 8 0
30 12 0
30 16 0
30 20 0
30 24 0
30 28 0
30 33 0
30 37 0
30 41 0
30 45 0
30 49 0
30 53 0
30 57 0
30 61 0
30 65 0
30 69 0
30 73 0
30 77 0
30 81 0
31 2 0
31 6 0
31 10 0
31 14 0
31 18 0
31 22 0
31 26 0
31 30 0
31 35 0
31 39 0
31 43 0
31 47 0
31 51 0
31 55 0
31 59 0
31 63 0
31 67 0
31 71 0
31 75 0
31 79 0
31 83 0
32 4 1
32 8 0
32 12 0
32 16 0
32 20 0
32 24 0
32 28 0
32 33 0
32 37 0
32 41 0
32 45 0
32 49 0
32 53 0
32 57 0
32 61 0
32 65 0
32 69 0
32 73 0
32 77 0
32 81 0
33 2 0
33 6 0
33 10 0
33 14 0
33 18 0
33 22 0
33 26 0
33 30 0
33 35 0
33 39 0
33 43 0
33 47 0
33 51 0
33 55 0
33 59 0
33 63 0
33 67 0
33 71 0
33 75 0
33 79 0
33 83 0
34 4 1
34 8 0
34 12 0
34 16 0
34 20 0
34 24 0
34 28 0
34 32 0
34 37 0
34 41 0
34 45 0
34 49 0
34 53 0
34 57 0
34 61 0
34 65 0
34 69 0
34 73 0
34 77 0
34 81 0
35 2 0
35 6 0
35 10 0
35 14 0
35 18 0
35 22 0
35 26 0
35 30 0
35 34 0
35 39 0
35 43 0
35 47 0
35 51 0
35 55 0
35 59 0
35 63 0
35 67 0
35 71 0
35 75 0
35 79 0
35 83 0
36 4 0
36 8 0
36 12 0
36 16 0
36 20 0
36 24 0
36 28 0
36 32 0
36 37 0
36 41 0
36 45 0
36 49 0
36 53 0
36 57 0
36 61 0
36 65 0
36 69 0
36 73 0
36 77 0
36 81 0
37 2 0
37 6 0
37 10 0
37 14 0
37 18 0
37 22 0
37 26 0
37 30 0
37 34 0
37 39 0
37 43 0
37 47 0
37 51 0
37 55 0
37 59 0
37 63 0
37 67 0
37 71 0
37 75 0
37 79 0
37 83 0
38 4 0
38 8 0
38 12 0
38 16 0
38 20 0
38 24 0
38 28 0
38 32 0
38 36 1
38 41 0
38 45 0
38 49 0
38 53 0
38 57 0
38 61 0
38 65 0
38 69 0
38 73 0
38 77 0
38 81 0
39 2 0
39 6 0
39 10 0
39 14 0
39 18 0
39 22 0
39 26 0
39 30 0
39 34 0
39 38 0
39 43 0
39 47 0
39 51 0
39 55 0
39 59 1
39 63 0
39 67 0
39 71 0
39 75 0
39 79 0
39 83 0
40 4 0
40 8 0
40 12 0
40 16 0
40 20 0
40 24 0
40 28 0
40 32 0
40 36 0
40 41 0
40 45 0
40 49 0
40 53 0
40 57 0
40 61 0
40 65 0
40 69 0
40 73 0
40 77 1
40 81 0
41 2 0
41 6 0
41 10 0
41 14 0
41 18 0
41 22 0
41 26 0
41 30 0
41 34 0
41 38 0
41 43 0
41 47 0
41 51 0
41 55 0
41 59 1
41 63 0
41 67 0
41 71 0
41 75 0
41 79 0
41 83 0
42 4 0
42 8 0
42 12 0
42 16 0
42 20 0
42 24 0
42 28 0
42 32 0
42 36 0
42 40 0
42 45 0
42 49 0
42 53 0
42 57 0
42 61 0
42 65 0
42 69 0
42 73 0
42 77 0
42 81 0
43 2 0
43 6 0
43 10 0
43 14 0
43 18 0
43 22 0
43 26 0
43 30 0
43 34 0
43 38 0
43 42 0
43 47 0
43 51 0
43 55 0
43 59 0
43 63 0
43 67 0
43 71 0
43 75 0
43 79 0
43 83 0
44 4 1
44 8 0
44 12 0
44 16 0
44 20 0
44 24 0
44 28 0
44 32 0
44 36 1
44 40 0
44 45 0
44 49 0
44 53 0
44 57 0
44 61 0
44 65 0
44 69 0
44 73 0
44 77 0
44 81 0
45 2 0
45 6 0
45 10 0
45 14 0
45 18 0
45 22 0
45 26 0
45 30 0
45 34 0
45 38 0
45 42 0
45 47 0
45 51 0
45 55 0
45 59 0
45 63 0
45 67 0
45 71 0
45 75 0
45 79 0
45 83 0
46 4 0
46 8 0
46 12 0
46 16 0
46 20 0
46 24 0
46 28 0
46 32 0
46 36 0
46 40 0
46 44 0
46 49 0
46 53 0
46 57 0
46 61 0
46 65 0
46 69 0
46 73 0
46 77 0
46 81 0
47 2 0
47 6 1
47 10 0
47 14 0
47 18 0
47 22 0
47 26 0
47 30 0
47 34 0
47 38 0
47 42 0
47 46 0
47 51 0
47 55 0
47 59 0
47 63 0
47 67 0
47 71 0
47 75 1
47 79 0
47 83 0
48 4 0
48 8 0
48 12 0
48 16 0
48 20 0
48 24 0
48 28 0
48 32 0
48 36 0
48 40 1
48 44 0
48 49 0
48 53 0
48 57 0
48 61 0
48 65 0
48 69 0
48 73 0
48 77 0
48 81 0
49 2 0
49 6 0
49 10 0
49 14 0
49 18 0
49 22 0
49 26 0
49 30 0
49 34 0
49 38 0
49 42 0
49 46 0
49 51 0
49 55 0
49 59 0
49 63 0
49 67 0
49 71 1
49 75 0
49 79 0
49 83 0
50 4 0
50 8 0
50 12 0
50 16 0
50 20 0
50 24 0
50 28 0
50 32 0
50 36 0
50 40 0
50 44 0
50 48 1
50 53 0
50 57 0
50 61 0
50 65 1
50 69 0
50 73 0
50 77 0
50 81 0
51 2 0
51 6 0
51 10 0
51 14 0
51 18 0
51 22 0
51 26 0
51 30 0
51 34 0
51 38 0
51 42 0
51 46 0
51 50 0
51 55 0
51 59 0
51 63 0
51 67 0
51 71 0
51 75 0
51 79 0
51 83 0
52 4 0
52 8 0
52 12 0
52 16 0
52 20 0
52 24 0
52 28 0
52 32 0
52 36 0
52 40 0
52 44 0
52 48 0
52 53 0
52 57 0
52 61 0
52 65 0
52 69 0
52 73 0
52 77 0
52 81 0
53 2 0
53 6 0
53 10 0
53 14 0
53 18 0
53 22 0
53 26 0
53 30 0
53 34 0
53 38 0
53 42 0
53 46 0
53 50 0
53 55 0
53 59 0
53 63 0
53 67 0
53 71 0
53 75 0
53 79 0
53 83 0
54 4 0
54 8 0
54 12 0
54 16 0
54 20 0
54 24 0
54 28 0
54 32 0
54 36 0
54 40 0
54 44 0
54 48 0
54 52 0
54 57 0
54 61 0
54 65 0
54 69 0
54 73 0
54 77 0
54 81 0
55 2 0
55 6 0
55 10 0
55 14 0
55 18 0
55 22 0
55 26 0
55 30 0
55 34 1
55 38 0
55 42 1
55 46 0
55 50 0
55 54 0
55 59 0
55 63 0
55 67 0
55 71 0
55 75 0
55 79 0
55 83 0
56 4 0
56 8 0
56 12 0
56 16 0
56 20 0
56 24 0
56 28 0
56 32 0
56 36 1
56 40 0
56 44 0
56 48 0
56 52 0
56 57 0
56 61 1
56 65 0
56 69 0
56 73 1
56 77 0
56 81 0
57 2 0
57 6 0
57 10 0
57 14 0
57 18 0
57 22 0
57 26 0
57 30 0
57 34 0
57 38 0
57 42 0
57 46 0
57 50 0
57 54 0
57 59 0
57 63 0
57 67 0
57 71 0
57 75 0
57 79 0
57 83 0
58 4 0
58 8 0
58 12 0
58 16 0
58 20 0
58 24 0
58 28 0
58 32 0
58 36 1
58 40 0
58 44 0
58 48 0
58 52 0
58 56 0
58 61 1
58 65 0
58 69 0
58 73 0
58 77 0
58 81 0
59 2 0
59 6 0
59 10 0
59 14 0
59 18 0
59 22 0
59 26 0
59 30 0
59 34 1
59 38 0
59 42 0
59 46 0
59 50 0
59 54 0
59 58 0
59 63 0
59 67 0
59 71 0
59 75 0
59 79 0
59 83 0
60 4 0
60 8 0
60 12 0
60 16 0
60 20 0
60 24 0
60 28 0
60 32 0
60 36 0
60 40 0
60 44 0
60 48 0
60 52 0
60 56 0
60 61 0
60 65 0
60 69 0
60 73 0
60 77 0
60 81 0
61 2 0
61 6 0
61 10 0
61 14 0
61 18 0
61 22 0
61 26 0
61 30 0
61 34 1
61 38 0
61 42 0
61 46 0
61 50 0
61 54 0
61 58 0
61 63 0
61 67 0
61 71 0
61 75 0
61 79 1
61 83 0
62 4 0
62 8 0
62 12 0
62 16 0
62 20 0
62 24 0
62 28 0
62 32 0
62 36 0
62 40 0
62 44 0
62 48 0
62 52 0
62 56 0
62 60 0
62 65 0
62 69 0
62 73 0
62 77 0
62 81 0
63 2 0
63 6 0
63 10 0
63 14 0
63 18 0
63 22 0
63 26 0
63 30 0
63 34 0
63 38 0
63 42 0
63 46 0
63 50 0
63 54 0
63 58 0
63 62 0
63 67 0
63 71 0
63 75 0
63 79 0
63 83 0
64 4 0
64 8 0
64 12 0
64 16 0
64 20 0
64 24 0
64 28 0
64 32 0
64 36 0
64 40 0
64 44 0
64 48 0
64 52 0
64 56 0
64 60 0
64 65 0
64 69 0
64 73 0
64 77 0
64 81 0
65 2 0
65 6 0
65 10 0
65 14 0
65 18 0
65 22 0
65 26 0
65 30 0
65 34 0
65 38 0
65 42 0
65 46 0
65 50 0
65 54 0
65 58 0
65 62 0
65 67 0
65 71 0
65 75 0
65 79 0
65 83 0
66 4 0
66 8 0
66 12 0
66 16 0
66 20 0
66 24 0
66 28 0
66 32 0
66 36 0
66 40 0
66 44 0
66 48 0
66 52 0
66 56 0
66 60 0
66 64 0
66 69 0
66 73 0
66 77 0
66 81 0
67 2 0
67 6 0
67 10 0
67 14 0
67 18 0
67 22 0
67 26 0
67 30 0
67 34 0
67 38 0
67 42 0
67 46 0
67 50 0
67 54 0
67 58 0
67 62 0
67 66 0
67 71 0
67 75 0
67 79 0
67 83 0
68 4 0
68 8 0
68 12 0
68 16 0
68 20 0
68 24 0
68 28 0
68 32 0
68 36 0
68 40 0
68 44 0
68 48 0
68 52 0
68 56 0
68 60 0
68 64 0
68 69 0
68 73 0
68 77 0
68 81 0
69 2 0
69 6 0
69 10 0
69 14 0
69 18 0
69 22 0
69 26 0
69 30 0
69 34 1
69 38 0
69 42 0
69 46 0
69 50 0
69 54 0
69 58 0
69 62 0
69 66 0
69 71 0
69 75 0
69 79 0
69 83 0
70 4 0
70 8 0
70 12 0
70 16 0
70 20 0
70 24 0
70 28 0
70 32 0
70 36 0
70 40 0
70 44 0
70 48 0
70 52 0
70 56 0
70 60 0
70 64 0
70 68 0
70 73 0
70 77 0
70 81 0
71 2 0
71 6 0
71 10 0
71 14 0
71 18 0
71 22 0
71 26 0
71 30 0
71 34 0
71 38 0
71 42 0
71 46 0
71 50 0
71 54 0
71 58 0
71 62 0
71 66 0
71 70 0
71 75 0
71 79 0
71 83 0
72 4 0
72 8 0
72 12 0
72 16 0
72 20 0
72 24 0
72 28 0
72 32 0
72 36 0
72 40 0
72 44 0
72 48 0
72 52 0
72 56 0
72 60 0
72 64 0
72 68 0
72 73 0
72 77 0
72 81 0
73 2 0
73 6 0
73 10 0
73 14 0
73 18 0
73 22 0
73 26 0
73 30 0
73 34 0
73 38 0
73 42 0
73 46 0
73 50 0
73 54 0
73 58 0
73 62 0
73 66 0
73 70 0
73 75 0
73 79 0
73 83 0
74 4 0
74 8 0
74 12 0
74 16 0
74 20 0
74 24 0
74 28 0
74 32 0
74 36 0
74 40 0
74 44 0
74 48 0
74 52 0
74 56 0
74 60 0
74 64 0
74 68 0
74 72 0
74 77 0
74 81 0
75 2 0
75 6 0
75 10 0
75 14 0
75 18 0
75 22 0
75 26 0
75 30 0
75 34 0
75 38 0
75 42 0
75 46 0
75 50 0
75 54 0
75 58 0
75 62 0
75 66 0
75 70 0
75 74 0
75 79 0
75 83 0
76 4 0
76 8 0
76 12 0
76 16 0
76 20 0
76 24 0
76 28 0
76 32 0
76 36 0
76 40 0
76 44 0
76 48 0
76 52 0
76 56 0
76 60 0
76 64 0
76 68 0
76 72 0
76 77 0
76 81 0
77 2 0
77 6 0
77 10 0
77 14 0
77 18 0
77 22 0
77 26 0
77 30 0
77 34 0
77 38 0
77 42 0
77 46 0
77 50 0
77 54 0
77 58 0
77 62 0
77 66 0
77 70 0
77 74 0
77 79 0
77 83 0
78 4 0
78 8 0
78 12 0
78 16 0
78 20 0
78 24 0
78 28 0
78 32 0
78 36 0
78 40 0
78 44 0
78 48 0
78 52 0
78 56 0
78 60 0
78 64 0
78 68 0
78 72 0
78 76 0
78 81 0
79 2 0
79 6 0
79 10 0
79 14 0
79 18 0
79 22 0
79 26 0
79 30 0
79 34 0
79 38 0
79 42 0
79 46 0
79 50 0
79 54 0
79 58 0
79 62 0
79 66 0
79 70 0
79 74 0
79 78 0
79 83 0
80 4 0
80 8 0
80 12 0
80 16 0
80 20 0
80 24 0
80 28 0
80 32 0
80 36 0
80 40 0
80 44 0
80 48 0
80 52 0
80 56 0
80 60 0
80 64 0
80 68 0
80 72 0
80 76 0
80 81 1
81 2 0
81 6 0
81 10 0
81 14 0
81 18 0
81 22 0
81 26 0
81 30 0
81 34 0
81 38 0
81 42 0
81 46 0
81 50 0
81 54 0
81 58 0
81 62 0
81 66 0
81 70 0
81 74 0
81 78 0
81 83 0
82 4 0
82 8 0
82 12 0
82 16 0
82 20 0
82 24 0
82 28 0
82 32 0
82 36 0
82 40 0
82 44 0
82 48 0
82 52 0
82 56 0
82 60 0
82 64 0
82 68 0
82 72 0
82 76 0
82 80 0
83 2 0
83 6 0
83 10 0
83 14 0
83 18 0
83 22 0
83 26 0
83 30 0
83 34 0
83 38 0
83 42 0
83 46 0
83 50 0
83 54 0
83 58 0
83 62 0
83 66 0
83 70 0
83 74 0
83 78 0
83 82 0
